9011
9895
8652
1187
9775
7479
2801
6925
5291
1231
4546
7619
1353
2472
9765
6532
2375
5260
2697
5318
6692
3005
3592
5275
3769
4910
2461
4241
7269
1350
3194
8142
297
1597
4841
6495
3574
288
7013
5920
7945
6895
3261
3568
7904
2236
646
8428
4813
2226
4029
6982
4970
9244
4263
7917
113
1570
2569
8292
7696
2769
6350
7794
5528
3967
7559
2129
5480
2092
4347
9482
4730
6779
4444
7268
7939
7270
8903
1191
7403
5707
1359
8752
6882
1841
8470
5319
8579
1663
4585
9516
757
6301
11
2295
6723
5250
4027
7631
6334
3852
667
789
9417
5939
7650
9258
6963
6796
9169
3105
5197
1830
3029
8254
4480
9677
6822
1683
2249
8744
139
8950
573
9590
1628
5387
572
8682
5226
4226
4234
4733
5680
662
3583
5282
1963
778
8187
1835
7013
6859
5668
7743
9544
9117
4035
9133
6834
2419
1643
253
336
9203
345
2786
8711
1245
1106
6132
9434
7187
592
327
6529
4375
5790
5740
4713
3918
6700
1645
2654
9741
6655
7088
7086
4535
9121
7723
6611
1755
8696
8688
2870
5991
1161
4815
8435
3463
1322
8445
1924
274
6786
7323
9910
7132
4620
5765
784
151
1300
7620
4928
8243
257
8669
6543
8497
1449
5058
8839
2286
454
872
3593
8749
2166
111
7566
1394
2822
6734
1865
5994
8897
7846
5424
9555
2954
5049
1016
9400
5331
1746
4597
6575
2742
7066
783
9508
4969
9958
3383
6595
5653
8736
5029
9784
1309
4563
2635
5329
4482
3277
9281
3962
1565
1659
5864
7243
9535
6095
9984
6565
48
4307
6838
7357
9042
6553
1506
9983
9449
1400
4409
179
7051
9940
9779
3537
9206
3057
3221
6407
2034
7804
6211
6898
905
9480
5689
6127
733
8336
8090
3602
4201
7669
5570
7462
6450
4930
1467
3268
1059
4466
7766
2384
8282
5297
5223
431
2906
4270
5780
8875
8124
2330
3732
1262
8424
7408
2928
7297
3146
8157
9742
326
4750
1953
9569
4832
4168
5160
7497
6304
65
4667
7593
4483
9352
6851
6815
5781
8067
2060
7624
2450
5047
5100
1595
7753
8625
4939
195
3113
4803
2306
3730
7295
4868
2857
4277
358
3278
7777
8042
6228
8537
3185
590
2295
8035
4526
8911
2700
1686
6978
8153
862
7422
4758
9420
2620
276
1965
3377
4458
8945
9361
4606
7762
1741
8366
1398
7760
5586
6025
5645
9181
6140
695
4536
360
5385
1378
3473
2913
8562
5018
3620
7006
922
1027
2479
1688
5404
8393
2117
8200
3491
4451
8792
4965
9921
7904
4017
8792
148
8594
6738
4308
8901
366
4700
1315
3285
5425
9892
1219
4782
3107
3374
9063
8841
34
2021
2024
3068
9020
5537
5042
9596
1221
7890
6011
8740
4466
3007
3740
1425
8865
1573
548
5051
761
6362
2943
8830
8983
101
2546
8243
7141
3849
8072
5720
8
4606
8360
9630
2151
8555
4080
2461
6309
2420
7931
1854
7932
3645
195
4832
1134
74
1405
4203
3722
8352
8916
5683
7773
7070
2643
7871
9599
1647
9924
786
7634
7967
1746
9855
8072
7956
3500
4535
6660
5820
2971
7785
8072
668
209
7941
1380
4921
9490
4815
8852
8998
6009
4423
3067
3355
758
5715
5909
8425
1443
5158
732
1139
9957
6668
8816
2149
7128
7905
7832
384
9110
2482
8320
1626
3118
8352
4130
4444
5194
83
8399
2932
3503
8722
2739
637
1101
3189
2129
7776
9255
8947
1333
8409
6776
686
6216
6305
9612
4640
9000
7115
7022
9833
336
5584
6718
1702
2914
5646
4458
4732
3306
5390
6192
7932
2570
7645
6884
9489
5827
843
83
4632
8540
5682
5073
3207
2729
7703
2000
177
674
4562
183
513
7815
9612
8498
5577
4494
3337
4623
4010
2978
37
6330
4407
9947
5229
1130
7212
9468
616
6142
3135
9541
2336
4271
5332
6179
1882
9879
6979
80
1079
2484
5431
5719
104
1927
4063
566
610
4737
4053
1369
4485
8862
8509
6751
8039
9327
2218
6595
1087
5553
717
8505
9614
7123
3397
5243
6674
4915
6980
798
1905
5826
2277
5672
9851
3490
4725
3234
3903
9163
1199
2054
5150
9881
4528
1907
513
1116
7083
577
7461
5375
3953
5453
1377
6349
675
4389
1609
6546
1850
2007
6062
4208
9918
9136
7740
7623
3432
7075
8156
9018
1013
7122
6998
6476
4424
3262
7985
553
6231
1272
6404
6572
448
7137
9561
6360
9968
7486
3740
6021
5025
3735
471
9521
2636
3958
8871
169
636
3473
1637
7160
1608
4588
7899
1452
1017
8117
7860
7400
3109
7609
5022
6492
1752
2368
4897
6769
1847
4235
6392
2061
7275
927
9690
7195
7612
5609
4404
2603
3062
7929
1305
5762
1522
7792
7081
3485
9751
1484
4416
6139
8913
3982
9759
1363
3325
1924
3963
7830
4355
6289
8548
2058
7294
8422
7798
5086
9556
1533
8544
1471
4131
9510
293
1125
8216
2694
2354
9293
9772
3606
5051
825
7323
8464
5166
185
7949
500
2575
2417
576
3829
5896
2812
8367
6664
4697
9320
2936
4707
8587
2943
6168
6432
1385
9129
1904
3281
2270
8727
1066
6499
2379
1043
4283
2013
1439
2309
9658
7459
8375
6732
2753
8192
5249
7255
9037
5249
7119
4313
1859
6518
5377
7004
3240
3426
6938
9961
1061
4757
1170
3916
3289
1037
6140
2273
8996
247
6337
2558
5539
5520
2607
2717
1700
8998
8440
8697
1283
5461
7419
8604
4866
3917
9098
555
4265
2268
7065
8630
4206
0
4309
1333
2736
7211
5775
822
8664
552
3346
8477
408
2435
2358
9916
3782
4800
3527
2857
7674
9832
6842
1704
6418
453
9595
7670
3715
3498
1492
5373
3040
7754
7396
9346
6008
7044
5315
2937
8933
6594
2632
2926
3237
6083
4399
615
8434
6216
2596
5728
7678
9883
574
2389
9351
3573
8216
3174
833
4755
6417
5013
1295
3509
1127
1199
5695
9555
3052
4638
4834
6426
7529
1698
9797
2073
2915
8063
8452
9983
1591
953
1992
1049
7335
8984
9450
465
6172
2245
7989
1066
9067
4970
4589
3135
2745
3794
4533
1559
6010
1236
4220
3955
3583
6349
2689
8107
6052
4175
8311
705
1260
2055
2531
5690
5406
5813
1018
9734
6260
8277
1873
4642
8504
3178
8155
3955
3461
4380
1221
2537
7941
7680
5117
3326
6287
1216
1727
9042
9691
1092
8271
4828
7467
1200
8603
3557
4194
1846
9706
3440
5827
8896
5792
2905
5333
5271
5460
1079
5380
6244
6452
3324
7787
1575
358
4653
4457
4832
215
4704
9750
1731
487
6301
7797
4624
2880
3939
6409
3472
5930
3818
4740
2004
2556
7078
2616
3562
5097
5139
35
4574
9166
4244
4840
7767
1608
717
3426
8740
3811
4717
2971
6082
1638
6337
8405
642
3062
3997
5674
36
3443
2785
9998
3352
6858
3007
3586
4800
2745
5381
4312
9312
4863
3291
4768
9247
1404
8268
5171
6867
5791
9929
3188
9218
364
4052
1156
3762
9161
7826
8770
1900
5951
1924
9891
92
6246
7108
2035
150
8420
2436
5868
3854
9407
4822
2203
8564
8808
8916
8136
6007
6000
5699
1426
4530
8846
4966
3231
9780
109
2916
3755
1519
5798
8519
3542
8604
8554
6689
7092
7597
6217
463
6203
5290
2731
7929
40
9632
7056
6385
6269
3272
2527
5789
9737
8338
2571
4773
1495
1279
2577
7351
3010
7002
4571
7089
5386
1800
668
5064
3307
5548
8293
6956
9374
73
5252
632
5759
7150
1246
2885
2530
7089
2372
829
9300
1745
8699
910
1657
8341
490
5116
9945
6404
6919
436
9167
3807
5142
6711
720
3840
6297
6323
5417
8567
193
344
2522
7716
2236
4215
7098
6236
6684
5214
7331
3909
3309
3531
1125
3586
5577
9971
7795
8754
356
5444
8876
8885
9821
7203
8298
5367
6405
7101
879
484
1203
5446
708
5461
708
31
6591
2733
4420
8103
5794
8267
1553
2634
5265
9223
3751
3839
9853
2092
3216
2694
4355
1060
3961
85
4235
5632
8353
994
3949
960
4759
9193
330
8834
3659
5383
8018
8473
3785
9948
1474
2680
322
6349
9680
4793
6519
6464
5423
6263
6798
6498
2952
9341
8527
8099
5144
7303
8633
6033
2768
283
6170
612
8272
6201
372
8454
6798
9120
2866
7966
6100
7087
2830
2075
7195
5856
9621
4869
792
5723
1882
490
1931
2616
237
2019
4719
9139
8616
2087
2468
8091
6335
7205
1852
2593
6247
3615
4432
7157
2940
7605
2081
6247
4094
6417
9350
5328
9236
6226
345
4885
8753
171
9610
3275
9093
7817
2040
7582
9342
5843
4125
258
1616
8964
9043
1256
1076
5521
5918
5355
2433
5275
2177
3492
5051
50
4771
9010
9982
7138
6152
9821
5768
193
3246
4059
2017
2545
9059
8505
8018
1158
3215
3415
2307
412
7053
5383
2629
262
9655
7374
2230
5155
9930
6120
2326
3232
1643
1880
8710
456
3564
7129
7385
3139
9135
4457
451
3309
1648
7747
7070
1073
9612
7783
1207
4876
2169
2098
2341
1302
8991
2293
878
4230
2622
431
5983
1515
3543
1848
6023
3159
8558
9003
8190
2882
8276
6191
3719
3078
1420
2467
3925
5251
666
8770
5608
6276
6104
8658
9596
4687
2041
5795
5564
2455
3365
2536
6
8415
3085
8180
9948
3180
8227
1717
7710
2631
8010
8277
6101
8378
1692
9061
3529
8595
4638
904
4966
6539
7718
5133
7489
9827
7786
8990
8210
2415
3927
6036
8296
2937
8091
3546
6730
2403
6578
4031
9138
2733
257
5508
9075
9923
2481
3196
1560
9732
8555
7030
3518
2360
5533
7095
6364
5170
9332
3284
3974
3996
1952
3021
9334
5593
3191
7226
8456
1622
4604
7522
9641
8406
3928
5058
907
6692
8823
9410
2162
5410
4276
6618
400
5939
9618
2907
2598
6661
4604
4234
1072
9259
4138
2068
5116
1966
8418
5104
1853
8962
3139
1298
8716
2438
4282
6719
8271
9852
3190
649
3826
6322
8494
7712
2137
1171
6303
6774
16
1939
2185
9304
7128
4728
8200
9720
1509
8536
8808
4971
1577
4551
7836
2476
4326
5479
3136
9657
1402
6264
5758
927
9479
29
4026
7009
6204
3225
4090
6084
3680
8784
2959
5358
1478
5025
706
4036
5502
3088
3108
8487
1749
3393
5733
6520
245
6195
8289
9195
3011
442
1303
2256
1502
2828
4814
5806
5967
7870
5520
5041
7097
5832
1430
1151
6490
4846
9459
7205
6834
9649
9470
5858
7082
6835
4911
9363
8688
2883
6912
5869
1819
2044
709
6914
8531
8858
6105
6596
8339
9520
7548
5680
8394
32
2732
7106
1841
9390
4432
9277
6251
2514
5768
7843
3972
1245
8722
5148
5673
4634
5213
9130
1612
2101
1593
5282
6435
1816
5896
4029
6218
2417
2499
8765
4129
4619
3091
249
1586
7659
630
7472
6463
8939
2956
6409
1047
7993
9084
2042
4421
2399
2888
14
1212
4576
4992
1498
2134
7591
4953
6938
6261
4799
9734
3910
801
8028
1775
9819
754
282
7108
9342
612
1689
8727
5434
5858
4110
8386
5414
7102
3702
6961
9337
7461
5424
2030
2920
5414
3737
48
3001
2747
4206
7360
6009
4040
2275
2051
26
88
4561
7957
533
9729
2361
9681
3911
3184
694
7922
3339
6069
2028
2919
6390
4378
9127
7314
1991
6072
4063
4590
6703
6712
8695
3875
3196
2985
6079
7605
9719
5309
9460
8568
2360
1949
6953
1147
6485
3404
7324
3283
3462
2171
5864
924
4099
146
8880
1054
9071
7990
595
4289
7015
2346
3628
772
5448
5321
8432
4686
5687
74
6183
2422
5484
6528
5651
7804
4131
2682
2434
3609
6130
6960
9495
9441
4534
3956
1809
3658
6682
343
7442
5253
5495
8026
9809
9630
8547
853
2773
7843
6464
3152
5309
7011
7383
2136
8232
1967
6902
3259
19
2535
7750
2322
7889
5930
9171
3111
6337
4993
6382
4614
9249
6378
2677
9204
5810
5375
3074
4829
1063
1379
2801
4683
3535
6415
4213
632
7983
3492
7248
3832
1925
5961
5893
6415
1989
6383
5302
6401
603
3984
7702
9058
5432
6365
5112
8566
1132
5440
5567
1135
1944
2494
7262
7095
4818
6011
7384
2919
6684
3347
3594
5836
5857
9503
2015
3822
5639
9998
6279
7249
1723
2558
8247
330
800
4539
7161
6479
5213
8893
7010
677
4469
9417
5494
2067
9167
3172
8784
4902
7394
9517
3459
3622
9695
1431
3061
6933
2275
8556
1515
5280
7607
5988
2163
6727
1986
6396
8424
3758
9749
618
8588
5240
2866
5326
8298
4560
6029
609
4732
3477
9158
3776
3515
678
2412
6514
5493
3761
7130
2783
3510
6874
382
4633
3070
9171
2266
6992
9799
9718
4851
1228
4368
2613
9743
3943
7561
4338
6468
9200
7497
2072
2916
5853
1384
7675
8465
811
4132
5042
3084
1564
6266
1328
7998
3296
6613
8050
5530
7191
4524
6047
4247
7031
4775
903
7657
6930
1193
8822
3382
8346
403
5338
1999
9348
4566
8590
1346
6880
4348
4698
1554
1833
520
1152
4482
4529
2615
9221
4100
8747
3250
6378
1656
7468
8609
5549
5343
4266
1429
591
7753
4201
6596
1926
9428
7330
5848
3421
2736
8992
8637
7674
4566
931
6859
4779
4462
2255
7061
6371
7362
8020
8980
4371
4317
6080
7018
3891
352
3615
8427
9450
8993
2711
9587
7229
8803
6470
3675
6918
4469
1310
8811
9390
8195
8658
4737
372
3876
570
6634
4623
4287
2095
5420
294
312
3398
2882
8883
8557
9203
9107
3801
828
8182
389
7788
42
8071
1717
4258
4867
6984
576
4530
10000
8379
9805
4381
6535
1326
6981
5132
1982
7827
6838
1986
4217
5877
7905
7107
8947
1401
5153
9298
6799
6175
4090
968
3572
1827
9289
2755
8000
9738
1788
6978
7011
8313
3379
4205
4703
7236
2217
1311
3827
3785
4150
5139
7305
8356
104
4832
6428
8698
4982
3714
1711
4273
7510
159
8248
9742
8431
3177
4227
9742
1308
4636
2334
8146
5783
3094
6796
7970
7079
5187
7523
5704
3573
6372
4474
8996
4848
393
931
5404
7813
4042
3150
8501
4996
4920
9463
1920
2060
2308
7348
5890
4119
3977
9536
2431
2171
2640
9046
1556
5193
8931
9684
2642
6605
8142
3357
9395
2784
69
3465
3891
5631
6261
6291
2121
9049
1978
6703
9651
7637
1649
1786
5709
5841
8992
2930
7427
457
4899
574
7404
6263
749
5598
7279
4699
5271
9235
9596
7056
3669
5759
3580
3226
3377
6465
6649
6329
2729
7900
2186
2637
8733
1825
5635
205
8904
4433
9010
4245
6539
6267
419
9886
4762
5060
5214
4897
5428
996
5277
9130
4624
1085
3610
2278
3407
3685
624
523
8269
7913
5726
6775
4896
6498
5968
1755
2411
9216
9551
3288
98
1774
9269
6439
9479
1703
1548
3688
601
9951
7899
1586
1687
3748
4619
4161
2050
9683
9240
5493
8189
2712
216
9255
4774
6960
5360
6615
3638
4392
7597
8109
385
2589
8568
4509
2440
5697
8330
1975
7709
6795
8829
3051
5984
8205
8116
2638
8346
9999
7999
572
8580
2570
5906
3369
1042
9455
8975
9881
5892
7574
2418
703
2723
9852
2009
4799
7750
5175
9800
3585
3400
4266
800
8562
1909
7124
7719
281
2101
835
6511
935
5335
2713
80
9715
1209
7001
5407
1024
7625
4521
654
1007
178
6568
3956
5470
644
2668
5647
95
1908
5347
5852
7866
4608
7641
6104
2075
4735
5207
39
868
2001
8044
7389
3739
2397
5379
2876
5723
7546
9209
8535
4983
1669
1104
5849
1002
3112
3110
2031
6585
6412
5186
6446
5455
5655
6791
1178
8776
395
2074
6036
4779
6442
8887
3159
4259
8719
6171
2382
6094
7045
3651
7957
682
3265
5013
5998
7038
9636
186
7886
8984
102
1251
8706
9614
846
9136
5889
8436
1301
2438
9697
4886
4710
5777
3029
9019
3698
8417
5058
9537
2548
142
170
5274
9796
4224
4765
221
4653
1412
5702
6190
4435
5959
1037
5078
5588
5137
8502
6202
416
3495
7284
1918
8005
1972
6684
4727
1393
7973
134
9703
8032
1620
7955
5526
5056
1358
1907
4924
2549
7798
7941
8466
8959
5613
5205
2772
4420
8125
5544
1775
4929
376
1878
4354
2574
8932
3019
2650
5109
2618
3837
4562
5474
4880
3250
52
8000
7945
1261
2973
8295
6072
6792
6896
2152
9839
5351
8255
6928
7991
3042
6185
8474
1019
7239
1431
4058
7160
8742
2139
5698
6437
7289
574
1653
9003
6942
3887
2030
8896
711
8214
1834
2628
9347
6577
2244
9687
2779
89
279
8207
2921
6250
3105
3044
3777
5369
3454
8414
9395
132
1078
2712
3344
3335
7626
9431
6133
4833
8718
630
8326
6929
2859
6387
2641
3830
5225
6078
8239
1887
2126
1608
4183
3641
3139
3149
4518
7151
5793
2145
9992
2231
5195
9874
6002
2294
4499
9118
9772
9318
4143
4450
2439
9824
5992
3250
8691
3755
3829
3389
5862
1298
7960
3926
4626
8281
5011
2779
8615
9012
2735
463
9205
1960
6049
5953
355
642
862
9928
7079
4395
8548
3994
9084
601
3938
6258
8468
6273
2149
6252
9758
80
4346
8333
5970
2396
4034
5017
2899
6218
7722
6802
1638
2517
234
1627
7207
2361
4404
5846
7273
5568
9887
4682
9477
8576
8598
3657
4738
7829
4338
1957
6102
882
1954
8783
5846
9529
5527
6657
8787
3829
6576
1409
7984
2338
4014
2663
359
2656
2891
7207
6164
7913
5816
5646
3493
8023
5248
620
5511
1960
5748
6673
7734
5119
4397
6841
3361
4485
8784
3115
4212
2380
6049
4857
3661
7399
5988
8828
8135
832
494
1696
4635
6207
6161
4018
8854
2909
4660
5530
9796
4954
9764
6941
9524
9190
3544
2906
1819
7516
1690
7897
6545
8453
1729
7867
2936
613
74
7441
5796
3564
7191
2209
864
6459
1736
1010
2805
4264
3338
5778
4074
4184
8335
8482
1183
635
6805
1808
6705
542
8363
2137
8316
3218
5767
4068
3946
4281
1924
3225
2478
9451
4824
277
9831
6920
1496
4874
6449
515
3967
6324
1226
96
3516
9096
2224
5166
115
5470
2203
2650
8813
6562
7109
7337
9085
6135
6549
5367
8200
4394
9487
7803
3220
8588
9453
1376
8611
2236
179
1928
7562
6837
119
5053
5505
9783
727
2271
8031
8531
9053
3201
7992
6314
1747
5464
7393
9516
7627
9185
8494
5032
3685
7202
6758
9850
8574
2837
1881
8843
7160
4971
5638
1957
9572
9748
155
4204
6932
2596
5926
1688
2636
6042
5779
262
5526
5354
6124
2607
6483
8031
5425
2682
6588
47
9247
7178
7996
784
3843
9993
1199
2099
6935
3035
1566
1239
8483
6269
5318
6333
1029
4855
6846
1601
837
371
5225
843
5577
460
5420
4261
4272
1158
4007
1632
5942
1587
2593
2310
2028
9395
9809
4187
3609
3541
7352
3591
2599
3648
2104
785
6323
8187
5147
7888
5329
5089
625
8032
8741
7668
3430
1133
1345
8922
1663
3699
922
1007
7228
4559
3986
9546
3893
7132
9613
3593
7248
646
3488
2518
9538
907
3559
5508
9220
616
3661
2646
5837
9179
7921
4283
7933
9952
8222
7871
3195
8268
462
1304
1826
4237
3067
9488
5651
8201
1919
6198
1279
5045
9772
6083
5970
7340
4033
1617
9088
9043
7471
6179
2239
4069
2286
6177
3290
3744
7141
6149
5281
2912
455
6863
5863
7905
7188
6732
5609
1352
8311
2024
1024
9497
4733
1883
7878
58
6473
7074
6777
3406
2345
1781
6616
4539
460
2760
6114
4951
7859
67
1409
6562
4591
3892
5420
1748
9737
1817
8422
9076
9478
3745
3142
3868
2381
4890
5184
6274
7115
4768
1720
71
6846
7401
8785
981
298
1302
1197
1896
8549
4607
7430
6335
7307
2521
9784
6985
4771
8157
2928
2238
5508
1708
155
8358
4940
3460
7022
2345
1401
4793
6507
8029
3314
4128
933
3492
685
5090
1450
2730
8877
574
8032
3297
5508
6289
7387
5117
9965
3750
3621
9876
1009
9214
3527
9679
495
8218
9475
5547
9709
4184
5490
2786
7369
8118
2128
9844
4978
3856
8745
2200
9866
3977
2962
7274
4512
5572
5963
5528
7166
618
3667
7248
9938
2429
2552
9120
8200
9075
1001
3955
6235
9144
7749
9118
239
4304
3133
8743
9061
9699
9073
8971
8978
3854
5851
7447
7465
8238
7183
7518
6426
2483
5428
3139
8404
5723
4851
8064
9314
4226
5590
5931
5226
9896
2405
6244
6490
1599
7485
1875
7372
6204
8782
9804
3145
2707
2565
1789
3112
1269
4016
7885
1436
9772
6649
2552
835
4496
7907
8267
2893
52
2354
614
3429
5411
1654
1297
3982
3457
222
7221
7945
9523
6563
1317
251
5686
6343
7144
2744
4035
7257
1998
5799
9389
1462
735
5226
3912
1749
1515
7468
860
6506
3828
2454
971
7594
7454
2715
9680
7933
1123
1662
5870
987
721
3245
665
7766
689
9611
5044
7716
7296
6112
9064
4795
6837
9771
5360
4568
388
9965
1178
3938
8886
6618
4964
6236
5716
4408
7310
7536
8695
3947
1098
1497
1868
1894
463
4488
4473
5094
4463
805
3850
1788
3473
1122
1465
5174
9386
6681
1792
7533
6522
3077
7712
5200
7707
8498
5067
4573
1300
8978
2574
7064
1901
8235
852
6479
2646
2227
2885
7698
4285
5723
692
8477
603
940
3165
9597
1174
4883
2662
4847
9329
7329
3107
7843
3301
7086
2313
8488
1177
6767
7650
2945
94
5504
53
2507
3080
9414
7373
508
7246
2276
391
3259
3088
2898
3804
5959
6647
4516
5890
7274
8342
4064
5920
8984
326
9770
4232
9283
1584
7495
2054
8569
5301
6281
3367
7326
9831
8090
5275
6560
5491
9337
6475
8222
4945
8332
6709
7018
6673
6196
7593
1752
7346
6846
994
4423
5035
4029
3789
2724
1051
4794
9636
8673
2131
3278
470
8545
97
4888
1416
6989
4222
2755
9285
5478
6763
7718
2286
4747
7583
3562
1821
9619
3184
7889
2461
4773
9473
4867
4334
995
5272
1301
5021
18
6488
1577
2463
2918
2765
9739
4894
4758
6785
7007
9221
4462
2620
7831
8645
7530
7050
6491
2481
6070
5895
1157
859
4522
9497
758
9468
9343
3902
955
8681
9233
6668
6670
4816
9240
8621
4549
7698
9864
8876
5406
6131
4762
9290
9565
7190
6519
5872
4319
4343
9179
9790
8353
2743
1206
3612
2455
3304
4984
1218
448
5585
9960
1837
4488
4518
5243
213
5871
9810
4047
5995
1781
6929
2836
9205
4950
2079
5571
2995
8146
1795
1863
8400
8873
1990
7386
5149
264
8268
4072
5167
1373
9314
9084
822
2847
7928
3525
4889
6072
3932
2398
6225
7574
3348
447
6759
8515
5859
6007
2983
9283
9355
2378
8258
7062
526
6150
2688
3379
6452
3180
939
8988
1232
2201
8230
7259
1297
5395
9033
650
8152
9682
2624
4617
2117
2032
2414
5722
5944
9964
6740
3720
7166
3171
7863
5739
5241
5692
4665
1249
9863
1588
2999
722
3653
8007
8883
6404
2412
8880
4570
841
5057
3105
2838
4678
4911
1832
3911
2191
3109
8452
5311
8041
8681
6054
1465
1790
6131
3152
9025
1316
9762
312
1524
9918
207
6734
2489
4485
9672
1536
2739
6480
3601
4781
2894
3242
8694
5040
2358
1810
1636
8536
7037
411
3414
9097
6535
3380
9502
8681
1218
9702
5457
9313
5257
4424
2174
7378
5981
6464
4112
5724
1511
7073
6452
2640
6382
9906
3418
7546
5703
5122
2105
9015
5244
5029
2055
8032
3595
6720
2588
7896
6803
7708
8598
9170
4975
1102
2075
5847
8307
1897
627
2213
2839
927
5816
8484
9587
4806
3018
3055
8350
2592
3056
6615
2973
9960
5062
1703
1027
5063
4914
6783
918
713
8699
5502
115
1549
4462
4993
1917
9296
4572
9958
4767
3456
9907
3408
7536
2296
1636
6252
6801
7087
9902
1246
5844
8085
2968
9944
9516
9208
1681
336
6642
7111
165
4951
3218
9238
6978
8267
6330
7580
3435
5125
3114
3908
7760
821
5989
5370
5372
2714
1523
184
9744
9103
528
6318
2341
6167
3636
2561
9517
3436
3912
6150
2223
1006
5941
2324
7191
8291
473
4097
537
6581
5273
4436
702
1330
2679
9798
6199
4538
1540
7526
1278
195
2523
5861
6233
2916
8275
4964
2633
4654
2214
95
8671
8831
4219
4945
4264
3063
9978
9158
2640
1096
2968
6012
9807
5820
4215
5460
4772
7566
7292
8799
1004
1442
857
9765
1981
4068
7660
624
9776
6457
7590
5987
8621
854
1615
2014
6742
4324
4292
6023
191
4361
3516
5982
3387
4111
3421
6235
9180
3013
4311
6545
2368
5641
6571
2381
3751
6818
3567
2206
9448
7126
1552
5234
7508
2717
3167
1753
5211
2447
2780
431
9678
7291
3609
8644
6861
8044
1416
8412
6503
5026
1388
8079
2066
6057
3540
56
110
2359
4549
7856
3767
6495
7249
6224
7827
7184
8428
1933
2943
8770
6326
402
8334
6522
6738
9053
8356
3258
8969
9816
6150
7986
2456
4824
1638
4779
5762
2654
4769
7587
7145
989
8003
958
7220
3288
2336
7296
7364
8704
6187
718
7125
6210
5887
6737
732
2722
466
102
3969
7725
9245
6777
7040
2221
132
2404
7560
2019
201
9053
5998
289
9900
7975
9062
6329
7775
4140
4526
7961
7325
2520
1997
5820
5503
7790
6797
3930
8482
5188
9880
3008
4326
4749
9367
9678
5413
5306
1057
3166
2055
4879
5067
939
986
552
6218
2502
7166
5286
2362
4834
7148
6518
2878
2254
9861
2292
9070
7272
1096
4556
9734
2532
8565
8184
7615
7293
151
5874
3728
5449
367
8604
6980
6238
6688
7847
5537
1746
953
3216
9375
7880
6258
3872
5960
9989
3773
1306
2287
4964
740
801
74
1606
6896
4829
9920
8477
1077
9012
2533
3287
9448
5325
1609
7154
2478
9730
4754
1859
2769
215
2476
7516
3790
7482
2621
3369
6800
3756
2256
3105
1612
1822
5367
2254
2572
489
9791
6619
6993
2256
5687
4327
6885
7196
2304
8003
4805
8247
355
1276
1160
5608
3909
2110
7458
9575
5353
5932
8272
4340
5446
7988
2852
6945
2796
8891
729
8141
8413
9735
8519
7915
5039
6230
2291
5957
3813
5744
926
3391
2094
9662
5825
607
387
2955
1084
4861
7621
325
2524
966
3275
6134
9331
872
4082
3497
3176
9440
5272
4129
8349
9269
8679
9758
1239
2383
7364
6751
1160
7680
7013
6372
5580
1757
3683
3111
6550
6604
7087
8782
8231
8981
5623
3483
1154
5764
7942
1995
8982
2286
7368
1351
1286
1014
8168
3772
7008
5854
6916
7319
2285
9743
6867
9547
2558
140
5896
26
3129
4210
6598
5467
201
6408
4778
8115
1056
2789
3793
3194
6015
4189
7825
524
1320
6316
427
2402
6523
4663
4321
8748
8144
7841
643
566
1291
2994
7748
9629
8060
2698
752
5625
5225
4537
1203
2940
3322
3313
7222
6867
9190
6645
6179
7428
8343
1621
5110
5825
1740
7112
9921
3272
5026
7612
9768
5011
4580
2047
4125
3181
4344
275
7760
3621
215
4851
7801
2187
812
6069
7682
1134
9967
1479
2577
1615
4616
4844
8292
6848
6290
4646
7863
4876
2254
5629
7314
4813
7162
5194
3069
8225
75
755
390
42
8216
1366
8259
4144
592
9970
9640
6542
6812
3545
5436
8682
1851
7996
4406
791
3593
1228
5786
8445
2182
2347
9383
7480
5882
5763
2238
5605
6612
6611
9598
423
4334
9285
4709
8099
3115
8623
385
3367
7012
1648
9982
862
7029
3057
7771
4596
9027
3084
3270
7283
9795
3520
3930
5930
9539
3641
2664
9985
2125
8346
3000
7564
9605
1976
4568
4216
745
6663
2234
2040
5168
9335
1336
372
3852
2802
4351
9451
9010
8766
5189
2664
8095
6891
2973
9246
5944
6207
6721
5140
610
2682
2383
7847
6442
5211
9973
3625
5246
7178
4314
92
452
7584
7997
968
4932
7465
8813
700
8744
7459
93
7944
5080
5236
1633
6653
9803
3937
3921
2969
2698
4542
2234
8067
1988
1638
1280
8062
4613
3494
6717
6082
6899
2003
2916
8046
4082
1512
2284
3167
8023
4062
6701
7821
4821
6577
5178
9606
1662
6097
4877
773
57
3633
8803
8160
1194
5787
5964
2616
3236
1986
6415
5096
7752
8231
3474
3202
7020
7311
3497
9411
9213
2083
1202
9373
8683
5355
1490
2030
115
3630
7025
2877
3348
7520
3690
6678
7659
3832
4423
5232
1994
2945
4681
3372
9810
2505
2720
8734
1495
8713
2765
1837
6111
1674
9699
7951
6419
773
7918
6231
6661
4271
3581
6742
1235
5898
1846
6607
4277
6632
4979
5507
741
4891
8222
6455
5784
7845
1318
5872
3974
7349
7165
8461
4258
7655
1240
2714
3044
3501
4612
6108
2295
8778
4851
4114
1380
8992
6156
4067
2158
5050
4793
9028
1022
3859
2489
6003
9364
1162
4727
5574
960
8382
6601
3419
9295
6814
4373
9152
3460
125
7829
5564
6497
6924
2133
7284
7575
5200
5417
3014
5656
8758
5319
4462
5032
6803
8300
1329
4366
3379
8299
6739
2447
1034
818
3931
7960
501
7026
6138
6421
8436
7212
4649
9675
3298
9268
2247
3642
1784
6890
5117
4679
8457
5069
4085
4919
2008
1936
9965
5491
3555
454
3260
7166
2806
8255
3062
6880
3734
7212
6259
8128
6838
7670
2186
3890
3979
796
6051
7090
4652
8621
4645
871
2404
8871
6173
283
8340
265
8043
6200
4448
8993
9747
5531
1166
5895
416
7160
7984
8286
8938
8104
691
5966
9364
5384
8714
9811
1644
6755
1944
6123
1798
4469
3771
215
8283
4688
1564
284
4722
163
9983
7709
5913
7715
3173
3772
2980
310
7365
7520
1489
4208
6160
4762
7828
9942
7672
1823
1603
889
1647
815
1511
1930
8903
8868
8893
3521
9244
4405
3318
9683
2894
1012
2296
392
1394
6288
7089
6786
4228
8035
183
8170
5588
1509
8870
7077
6409
4998
6420
8786
5011
8388
4095
201
7698
7588
2627
9819
2728
2313
9408
8774
3030
2821
1745
9503
9233
5707
1872
8195
6616
8689
4419
7141
1367
5480
8031
4874
2008
200
1775
2625
1656
3608
1919
6881
9370
6676
9595
9265
2585
9201
1297
1988
6299
5526
9435
8260
5301
3292
9121
1101
4893
2916
4019
3456
6444
7759
5876
4938
3576
9925
9508
2889
2887
4767
6968
8277
3709
854
4690
3786
5389
3716
6736
2975
8800
2523
2121
2286
8287
2055
4939
5241
8099
5307
3367
2454
5472
8949
420
6833
3684
8666
7723
7706
5975
7030
6805
6627
1604
4450
1598
882
9896
6357
4419
3144
3249
4566
7020
1780
9503
7624
9812
2417
7102
7816
1724
6153
9401
6939
697
7213
8143
2292
8702
2812
7624
3404
8726
5380
6104
5630
3545
9670
1980
3703
5495
5995
9945
9686
1910
5086
6515
1779
8549
8594
3717
2918
5860
7461
5973
7357
1639
2229
446
4821
7864
5443
1171
3119
9643
208
172
2695
9476
2343
7983
5548
5074
8825
1214
8816
3302
9466
3509
5984
324
2301
9775
8874
4453
7218
6680
650
3509
8010
5036
8950
8656
5466
8764
1269
7008
2306
5097
6917
2975
7710
443
9704
10
7473
4789
4571
9698
8340
9379
191
7922
4646
6441
8904
2879
1264
3438
1837
6940
7161
5282
7003
4389
9904
4875
6260
1180
2582
1968
3060
4040
6146
4514
691
5913
6429
6252
1039
7769
5595
1385
581
9069
2965
8966
2954
8906
5966
8663
3640
6106
9526
3315
8473
7018
8971
2826
52
3040
4001
6938
1001
7659
2261
1809
7453
7746
7414
4151
7045
8302
9820
2699
1538
4163
3777
5040
9972
4124
2445
8860
7327
9376
195
5501
2196
1354
5077
9697
6875
1377
8920
4674
7785
1108
4728
2732
2988
4826
987
6684
9457
9890
3148
9517
189
7125
6643
8788
2180
3386
3689
1575
1702
1146
548
1768
5738
1050
1906
8707
8478
6241
3476
2630
1528
9073
9991
6692
7307
7688
2895
5459
5811
5150
5496
5556
6934
8797
1473
4339
4035
2973
8901
1087
958
6586
9506
2233
9102
5471
6924
3113
8330
9775
8180
6665
7216
6271
766
1897
1253
2047
2078
8755
8202
3263
6433
3136
1690
7738
3737
4440
1640
7366
2217
1805
8356
9340
1613
4108
183
4351
531
7707
997
5563
4655
6260
8006
4048
5361
8185
2864
1653
5025
5291
6334
7133
6413
8699
5978
2283
5929
1710
5867
9969
7526
2093
1664
1335
6774
5135
9235
6831
9553
5301
3685
7450
2528
4873
8199
7743
8411
7173
7674
2081
3632
471
2212
5120
4171
2881
8308
6345
3856
2379
6882
7209
647
7612
935
8409
3987
9329
333
4047
7859
6797
5117
2818
8173
1571
9132
3465
9217
2019
138
1842
2194
9797
2921
9749
708
8685
7633
3079
6144
6831
6214
1359
2374
396
4650
8987
6742
2997
7587
9486
5619
4889
8672
11
1205
6927
1796
979
2767
2011
4590
4846
6023
8746
4412
1419
1915
2294
1725
3494
8777
8668
9004
327
3988
3625
3265
5625
4463
7417
7400
2339
5216
6463
249
2744
1667
2357
8795
9282
4008
2134
1391
408
1110
4131
1735
6404
4602
323
1229
7272
6379
3417
2561
8846
9026
5793
2958
2556
6306
7439
5023
9503
9602
2984
3820
1266
4077
3811
3496
8671
9075
7757
879
5736
3620
2179
1667
5332
9991
9417
503
4216
8591
3621
2914
5599
3937
2720
3384
1840
1479
1204
5447
8289
9241
7481
7262
4149
7834
9098
8448
8635
423
3284
6997
6244
1086
2904
4513
9005
3481
5800
1253
7570
5131
3541
5756
4384
1992
8712
6770
9357
8865
6254
2255
9997
4123
3081
3288
3852
6997
8134
6672
7730
4853
360
5563
935
5670
3258
3765
6894
8808
7645
961
691
4936
8803
7645
97
2211
7361
2064
8420
6463
1366
2800
9848
104
4408
411
4092
7512
9225
654
4345
4213
5599
4103
7179
9767
1470
1641
206
5754
3547
433
6937
9015
212
1069
5535
2646
4955
2476
4949
9328
2463
6186
1289
9597
6039
6273
9805
7078
7745
141
2791
8470
690
4721
150
271
1894
7188
1338
3502
4094
3335
6165
7056
766
3613
2071
1591
8322
1502
2810
170
2973
2048
422
3477
1506
6124
1496
5181
4283
994
1251
4409
282
3229
8572
8695
5839
2129
4545
9711
2505
1015
5964
3083
5865
7589
575
1586
8796
6837
4310
4473
5001
6939
7402
6181
8256
4600
7578
7572
4704
7851
4923
945
1775
3829
13
826
4456
3984
8297
4233
650
4191
7388
9089
5289
4898
5961
4960
6450
3251
5385
2152
886
5083
2489
1346
7175
4493
827
4125
5617
3035
9686
2597
5474
8283
1539
7636
9650
2948
8528
9419
4081
2388
1678
1155
8372
8183
8746
345
4102
3462
5906
8170
747
6257
4994
3914
7978
6733
8704
3936
5886
9392
4032
8844
8364
9325
8977
141
6763
580
1799
7419
2124
7256
9264
7509
3401
5047
8819
7290
6771
2143
1985
9711
3727
5516
7541
2155
9878
448
3077
4644
7235
8545
8812
4056
1541
1313
1377
315
7193
1561
5715
7104
7071
5621
5147
2397
9923
9216
4822
9794
4949
4123
8900
425
6093
4379
1120
311
4748
380
8691
1993
5287
175
937
2441
2473
7260
4128
7436
2967
3953
733
5384
2869
9225
3810
7486
8741
3893
3383
4581
6070
4810
6124
8428
8032
2665
3113
863
3777
8387
2568
6316
1453
1452
7633
6184
5977
8044
572
439
1479
4365
3455
7174
6195
3702
8827
2329
7415
6155
8968
4812
2475
3379
2881
8689
1220
3946
3128
9607
510
6143
4202
5938
3828
2294
5811
7960
9269
6627
4261
262
3296
2739
2133
9894
592
9749
4837
9603
9350
8157
2912
2161
5047
7707
7478
344
165
8956
740
5668
5097
2953
7619
7648
5580
8645
4506
4207
5005
9224
7201
4287
3138
7002
4609
9651
3110
7010
9211
9647
1035
7607
7320
8391
9745
4641
2126
4607
6346
1130
7703
3131
5790
1879
5189
5733
6245
7228
9355
9492
9597
1384
6715
1509
5199
6259
4072
3817
9527
6674
4959
1241
7822
8980
5376
3484
7424
9412
2609
4230
7621
3082
809
5972
5354
9301
4803
7846
4254
5621
9786
3018
8817
5679
6596
6322
9910
9108
173
7076
7242
8994
6299
706
318
2283
4522
7269
9298
5936
992
7606
8025
3313
5772
7321
530
4510
3283
4374
4480
9534
8123
2653
7163
3219
2962
1433
5548
3949
6427
2113
7243
3372
8146
1056
834
734
4364
8630
561
3784
1666
8020
705
6173
1870
2847
9681
6800
856
376
9316
6908
9202
1916
2976
9367
4107
2499
278
8126
5035
9309
4330
4190
4556
8847
8865
2899
127
4323
6800
9737
415
2933
2985
2603
2367
1381
9081
6843
5540
514
7561
114
8361
4845
187
4866
9628
6895
246
1814
2445
9375
4867
3691
8781
9716
4664
4232
5403
9240
2947
4856
7255
3053
730
3934
9816
3154
2210
4234
6907
7795
9755
6098
5145
9863
4148
8178
7100
6624
9539
8759
8633
4365
711
8691
7061
5713
1029
4362
9803
393
5482
74
4986
7461
1303
1831
4126
6931
7276
9714
6397
9889
6528
1404
3613
5049
7040
7231
5267
1928
1060
9764
2915
7944
4479
75
2570
995
944
2292
6043
1062
7251
3412
5051
5627
3663
7706
4105
9156
9965
5985
5817
7207
8393
716
1712
27
9429
2010
6810
2215
3617
6927
6186
8283
5722
6315
2537
2089
5942
1999
4222
2257
830
552
2503
882
9588
8848
8123
2276
7639
7484
1321
4703
4056
772
1993
1885
7940
2925
9069
7157
9581
6079
3571
440
3718
8750
7628
7114
1984
7525
8567
3604
5387
6939
3076
7219
1947
2764
1101
6758
5848
2969
4899
9794
7006
6768
7724
438
7076
4967
6702
6884
3238
2637
4233
2807
9740
672
442
4553
2678
5696
1562
967
6129
6109
9106
7329
2282
4101
4642
7405
8364
2518
3749
8739
9753
678
3902
291
5967
1290
3966
2503
1819
7895
4630
7206
3236
4563
4518
2432
8184
597
1917
1140
1967
9370
6897
7067
6100
6874
9393
7723
7228
6531
5001
6842
8940
263
3887
7127
8512
9029
5907
304
2278
500
4634
5349
597
5870
6700
9179
5623
371
2922
1257
9481
963
2055
7665
5826
9193
3689
9471
8787
3820
9045
1834
8722
8303
6534
2761
6760
8494
6938
3587
5160
4726
6991
4274
8399
1340
8914
6575
1003
9140
6530
6068
8497
2391
6274
8043
9355
3977
75
2680
2797
1260
4813
2356
628
9642
8910
9836
4949
9524
8379
2053
4477
6056
1764
2374
4369
5644
2779
2785
7997
666
4554
6223
5428
4066
9296
4244
741
928
9616
4179
2868
1544
4835
8348
1784
7678
4742
4103
1928
8527
8709
8110
2541
4196
7962
3805
697
550
6074
1938
7079
4506
9137
7433
6319
8685
8703
3217
9572
5294
458
3370
6777
5064
7194
2179
9443
2175
353
6195
5200
1886
1971
3767
4174
9054
106
9738
4757
6103
4
2250
3340
8374
9067
3216
3850
4255
8834
6169
9098
4820
9425
8753
6522
5387
252
1354
9448
9164
7172
6699
9797
3913
4694
7368
6770
4749
8946
1183
963
9049
8249
7962
9610
6483
434
2166
663
6848
8062
4126
4513
5820
6396
2962
6800
5736
5280
5242
3095
4000
1437
622
658
4920
4736
9258
4026
5037
9639
6339
1419
766
9426
2773
5897
7028
3057
5012
8001
2044
6579
267
7374
1211
4637
8889
428
8858
7938
697
567
2089
9265
1759
6151
6184
4863
4799
7644
853
9786
710
1045
9928
4498
2532
6122
5742
1433
4694
8616
7862
6382
8046
4050
4747
5293
9635
8961
6171
9582
6008
5951
6661
5390
6307
2598
8229
7607
4862
1118
7989
2691
7979
5039
7328
89
1793
8087
6064
998
5242
367
7515
3465
3440
9848
6251
3301
7217
4383
3553
4927
4019
5706
9417
8121
4072
8880
6179
6454
2667
9228
3953
5185
3156
7398
7647
922
529
7734
5294
9677
1418
6253
1534
5039
6419
5954
4126
3636
7793
4735
7218
3378
3011
4468
712
5077
989
1981
3575
7146
5324
6099
5365
9055
5021
8861
5156
5896
1015
5099
9900
1833
9968
4614
9593
8771
7435
4390
6669
1719
3387
1708
6054
3155
5243
8748
4610
730
3371
2915
2133
2528
3414
3245
3830
3029
5149
532
7438
3701
3526
2034
7560
8576
9003
7837
6763
2992
2313
5219
6904
5086
2863
4207
7031
1501
7309
8373
8683
8948
5558
8745
5374
2955
9562
1366
4989
5928
1782
7490
8238
9057
9387
5263
5863
7169
3426
5327
7501
6880
3807
838
9649
6742
4865
3412
4489
9407
1992
3966
4415
500
6020
1282
6460
7786
8544
7289
6814
3685
9528
6376
5269
4279
3091
9898
6011
5564
6050
590
6658
8337
9489
7170
3814
4758
5686
567
5038
7037
8682
5515
2656
9106
860
4966
1259
3126
4630
7103
577
7052
822
3368
7188
1571
2141
4532
7683
3123
6083
5684
7751
715
5724
1955
3599
3854
9625
8727
5325
6721
9614
8374
7640
4949
409
4686
9686
1766
8619
7855
6241
6088
573
2700
5109
118
4833
328
6481
7196
8817
8423
7244
7908
8098
4913
6578
1657
7014
2960
405
5702
6929
4543
5156
2758
7634
8237
4752
7934
3396
9759
3921
9088
4069
1393
1913
4384
8927
1674
2552
8352
3792
4179
1866
5248
7637
7790
449
1405
7693
4771
202
8622
2940
7667
525
5309
1380
5500
3699
5781
8691
2137
8591
3836
9512
6850
3412
283
4277
2087
1153
8461
4192
5300
7041
9473
5736
3527
54
4416
8049
3408
1621
4340
7336
7752
3776
6262
4380
2302
856
3300
7451
9246
6028
4336
2873
731
5870
5458
6782
9130
6541
3801
2604
8271
9422
208
7864
1235
9995
169
376
912
9040
3674
9963
4976
1738
8498
522
2900
5415
9334
5041
3335
8351
8968
7590
5862
6285
8489
571
2066
6701
2167
1407
6249
8373
9421
8961
411
9365
4963
1028
296
1259
9570
3707
9256
8363
3725
4948
1255
6916
8418
7731
552
9957
3893
5066
5050
2778
613
9275
1085
4615
6908
6977
4160
1775
2196
8883
9485
259
442
603
9680
1310
9242
5276
5634
2247
761
1185
2495
342
8242
7714
4464
6779
6871
7294
7118
5795
9024
4780
5919
153
4145
6477
6743
8696
1807
1694
3674
1524
7709
6441
8331
3308
9022
4751
3804
8021
1363
2242
7945
1197
557
1227
3350
2184
2689
8784
3784
8248
869
1370
4273
8657
5579
3218
4521
9004
1735
4415
861
3815
8922
7151
5984
8401
4687
6865
7292
6508
5547
944
7330
3243
5859
191
8261
3845
1617
7630
7027
9392
7929
2179
6777
8259
8653
5349
595
992
7953
5900
9755
1981
2586
7675
7464
4644
2791
4892
3099
9517
2034
2179
1284
2527
3149
7291
9988
1205
2672
6319
9150
8370
8588
1406
6498
2445
4053
9464
8073
7171
4501
3752
8994
6520
5474
1077
161
9734
8522
253
6022
1684
9285
7157
3110
2809
4037
4583
6885
6608
8012
737
7636
6074
3431
2775
1268
1984
6814
8900
2262
2768
8029
9182
9541
5673
8687
1424
9499
4210
3275
9419
194
2356
7047
9005
1702
2437
1657
9073
777
6685
1912
7151
125
397
625
1107
7926
1565
7113
254
8213
792
4110
2271
7461
5072
387
588
690
9611
4613
7857
1345
2210
632
9242
8945
8724
4813
8528
5427
6389
5223
9552
7150
8213
6108
7859
9879
1841
7982
9118
3276
5787
715
4147
813
1960
5542
5764
2246
63
8832
401
1610
3969
8244
2067
3495
9713
7674
7232
6530
6108
4066
5791
2286
8862
8055
1321
4285
4681
5242
9013
8649
6975
1918
7899
8000
464
6223
6407
1981
7555
8754
4476
2386
9999
5241
3892
641
4746
3062
7246
2912
8814
3736
293
4907
6773
1197
9978
5906
304
6441
9423
1439
4750
980
6191
7610
1559
959
3703
515
1833
7579
423
2623
4402
5080
3233
5497
4555
7414
2549
2038
7952
6695
9599
6589
9764
5796
2294
9598
6979
7
1582
6859
1218
1950
9610
1228
336
4777
377
8913
3449
5361
7826
3191
7939
4702
6781
743
2976
2564
30
2707
9433
9495
3118
9851
1484
9572
2210
5492
2202
5915
1017
5801
8042
9395
711
994
6127
30
9717
9449
7285
2506
8709
2572
3502
1540
4492
4203
5464
6764
506
4564
7111
1373
8849
5667
5560
5816
7609
3231
5317
5529
330
2812
492
6476
2227
5253
8526
9759
5011
4830
3889
3856
8889
8681
962
2991
8421
2272
8505
5632
6972
7822
6235
133
8721
776
8941
3623
3347
2838
9812
1752
5952
3080
1395
5112
6807
5677
5894
3445
1647
5853
5203
3968
8437
3396
3139
1224
4454
7859
1271
9666
4157
9588
8240
7768
6290
1537
8325
5913
344
6304
1311
8935
5950
3072
3675
5030
9991
1977
4501
7134
62
820
7910
6943
848
2057
9722
9964
4841
1452
7455
8060
3916
8117
5573
6064
2068
5766
4095
6463
4605
9634
3400
4216
5871
9080
8588
2884
3591
9222
8356
8775
613
8926
4166
6012
4327
4055
3427
6611
8649
1275
6828
8896
5307
5677
5152
5147
3025
4009
4746
6469
4005
7680
5359
2039
7225
6526
7174
1464
7436
5888
7595
8367
343
6541
7875
7537
5413
3553
8162
6651
2780
3430
1092
1195
8182
614
4007
8769
8756
8178
17
3860
9195
8243
1580
5344
6433
2755
1037
1050
5871
3836
6965
735
6982
2591
6192
7452
3345
870
8855
2836
9385
1835
4148
7842
8651
4654
7439
5248
3204
2966
5000
3414
4128
9661
188
8482
3703
8062
7300
1736
1772
5609
3569
123
5988
5214
988
6174
79
2250
450
1636
3562
4383
5958
5451
3460
8869
6632
5233
9618
3432
8725
8668
2948
1346
3893
8005
4350
1668
453
3134
8912
6661
6960
2240
2719
5438
600
6877
4325
9280
1849
8218
2703
9058
9022
4558
3483
8360
5115
2690
601
5599
7522
1983
4543
1115
5325
9605
6183
1362
6781
3137
6828
4161
984
6239
5629
7828
5743
467
1531
3761
280
5037
9825
5711
2626
2987
3275
4659
3229
1115
5121
1793
6817
1201
9863
7518
6631
4960
4973
382
2132
6846
2604
1510
6132
6478
2435
1394
4872
994
4166
6849
1291
5724
6373
3803
9949
7282
1065
2174
1055
9822
9478
8947
7959
5340
1712
4761
9975
5162
1319
3888
2637
2991
877
6322
1948
5167
2181
7571
2521
2608
1846
885
125
8550
118
5055
1243
9467
371
7185
7553
6326
3052
7334
6320
2913
912
1223
3728
835
8837
3726
3705
7964
6037
4825
1076
5213
8020
6439
8197
871
6322
2082
3359
9741
6156
3548
4067
9547
7439
2854
23
8451
5050
7854
782
6626
9444
1932
3274
1869
7563
1368
9696
2145
6500
6560
2898
9540
1798
5403
4257
5147
3285
795
8700
6414
2768
9799
9734
4063
1717
5770
1122
2879
737
4232
7328
3902
3630
9359
5029
3197
3001
243
4203
3898
3834
2010
2093
7253
9571
8022
9000
5379
4981
3471
1386
7876
3514
7507
9807
6472
4375
9125
3930
5501
932
6056
2787
6940
7155
7374
3987
5762
47
89
8447
678
9492
1158
5885
4417
1061
4769
4334
3685
1906
293
4723
1588
1302
8370
3557
4568
9212
1204
8254
42
6318
9078
8186
961
7562
6598
3636
9406
4310
4269
909
4020
2488
5888
2739
6660
1296
6182
2046
7303
4412
160
8964
8191
4531
4885
9604
6536
6117
3940
1296
2878
1002
3712
2095
8103
8065
3218
1006
7531
2497
6479
5535
2739
4375
6279
7064
990
8699
4563
3312
8719
1702
7121
1173
9579
3126
3095
4906
9327
9028
5538
7394
9094
2839
4089
7496
9334
2143
9228
1846
7670
2135
5579
2969
2487
2639
974
9664
6668
4629
4513
5659
6641
7648
8791
3862
847
2592
3242
4771
7073
9398
4657
1719
5570
304
1490
5682
5089
7313
4524
7629
3616
6752
6027
6295
4602
4644
3619
2237
55
8900
7039
3695
2005
8053
1114
7423
1647
539
7888
971
8407
506
2195
8297
9175
7308
8784
4728
4788
5944
2197
2465
8972
7899
8963
25
6109
9054
1287
6081
4553
4869
5802
5078
3042
7234
992
7921
1423
769
1320
7292
3386
3297
6725
6192
4814
6231
6653
6261
5753
2364
5028
7237
3743
5726
6351
648
1919
2042
7192
535
5471
9500
6885
9564
7316
2871
9274
6690
5106
467
658
5984
3886
8593
9018
5041
3821
6318
4402
4333
652
1144
5109
9943
6814
6483
8431
2198
7993
6174
447
5551
6278
1216
88
1220
9777
6038
5749
1712
5890
8420
8876
3332
9014
4998
4163
5530
796
166
3486
222
2270
3158
4086
4363
7674
9694
5269
8946
9581
4332
1743
3458
4007
3678
9795
1690
7993
7612
594
4620
8730
9735
9636
1152
4783
8307
7278
2451
5356
6659
4989
105
2369
1235
833
1120
1763
37
8512
8264
6492
6688
9227
3845
5203
8168
7666
9306
9541
1713
3489
7951
8544
3102
4434
3322
1022
2121
2775
6992
6460
5936
6239
4654
4624
6765
5711
8867
2604
1946
628
4486
6568
7730
5811
5831
9919
7032
627
2137
8506
5312
823
8261
4049
896
1265
3365
8217
2966
6166
7375
8161
9962
4230
9404
1156
7387
1461
9621
3423
6520
5117
3455
9952
7308
9533
3978
2295
1499
3939
9731
3377
4719
1767
4555
4881
8806
8507
7779
5621
746
3685
9432
6319
8730
1592
3274
5742
8205
5084
4861
3379
1254
3359
8684
6100
2257
5356
2975
5900
592
2026
1782
5296
1207
1068
5988
6276
3399
1802
8807
3316
2845
3817
1399
3437
3755
5996
3993
6624
547
3873
6432
6343
7439
3783
242
820
7512
371
7653
3196
8854
8982
345
6792
8610
9842
9494
4929
4174
6430
5220
2458
5669
561
8974
2112
540
3938
9700
8664
4416
9044
8816
292
6203
9491
4841
6146
3149
7603
2032
391
5848
7517
2840
9429
8437
7288
9582
6892
608
64
1785
3178
2710
6476
3486
4672
3894
5843
9116
9007
489
6799
6211
6624
1177
3542
8507
6942
8048
1867
3249
3407
4454
5864
7038
1885
2466
3842
1135
2353
9653
2009
5526
7468
4015
6464
9768
4250
8283
9525
8758
6294
8764
9442
3172
4944
9109
7028
5330
7911
5467
392
265
949
7309
1628
8461
6832
9432
5043
8679
6327
7131
8323
7518
3113
4384
590
1450
180
8896
9713
4592
1658
6697
7500
3415
4477
685
6748
9734
9564
3698
9208
9819
8409
8659
390
1899
5522
2656
5326
9687
6174
8422
1723
2820
7438
1674
3405
1833
9402
7500
6818
3016
9700
9638
6771
848
7569
3833
5181
971
8277
7841
317
3537
6789
704
4299
5477
6959
3002
394
2448
6917
3174
6518
3832
255
1730
1749
5612
3554
6655
4173
4336
6510
4677
1136
1671
6143
495
5624
6822
4711
2168
7755
1960
5254
2067
7591
771
4454
5652
7250
1224
2306
2053
6395
9686
910
3525
8994
9197
2532
9172
7851
6149
7762
9145
9949
4839
3042
4334
7259
6469
2007
9754
2707
658
9634
9148
370
7157
1220
2693
1546
5388
104
5863
9971
6976
7224
8640
1412
5869
6721
1558
2289
4564
6205
1691
6904
1556
37
8748
1602
4823
4308
6283
2998
9005
1696
9724
5121
2912
3348
4060
6068
4216
394
3953
8867
3264
7081
9982
6201
1796
6414
3067
3561
6694
3015
7634
8853
9377
3710
2099
2938
8234
2252
384
3599
1035
8143
478
1604
7850
7093
8066
708
4983
4088
1168
5851
1319
4851
6313
5074
872
4622
1728
7009
8419
2319
5717
1951
2446
3692
9958
5886
3166
7233
7268
4027
6922
1189
2817
2504
7795
4841
4759
7953
7789
3467
7594
5932
6846
6000
4172
7787
2657
6081
7850
2047
9479
8509
5966
961
1375
4221
670
12
3310
4901
5141
7784
892
7192
3235
940
4912
4975
9506
4028
3978
3556
5420
6717
8499
6360
41
1184
8584
1123
6224
3559
1920
9608
3501
1142
445
7331
6835
1129
7964
4356
9472
1935
8337
3153
6496
599
915
5957
8290
7341
631
9471
6282
5232
3813
7597
5674
6761
3849
5444
7220
814
2577
2406
9917
2698
6586
321
2116
3301
2392
1369
7841
1534
5139
1967
1444
4224
4520
5110
2744
890
5889
8410
9632
156
273
8851
1352
3727
738
47
9991
3214
8192
999
8410
183
1279
7672
48
4378
7869
1244
3646
1615
3545
1162
4063
4251
5169
9218
1972
6975
9408
4679
7014
4041
8506
160
9223
7338
2040
7468
3157
8748
3501
1621
3961
771
3297
8832
5767
1876
4522
9541
1051
9757
4030
5219
8937
3959
3130
3999
1290
1239
9593
8019
8565
6422
6220
843
6637
8713
4041
6928
2660
996
1196
4536
2678
4876
4668
1504
6155
6300
1565
6099
7488
9308
1731
4008
5090
9790
8200
8342
4680
9918
7514
177
2241
7584
1574
5793
6000
8023
5433
97
4240
8319
9061
644
1551
4640
3096
7665
3983
1402
6310
2587
7003
5256
8131
8511
8023
9221
8664
7459
4223
2963
6988
6426
4107
4222
2855
7272
2612
473
250
1556
2028
9285
5495
7107
8000
9234
6024
875
394
2270
8968
9163
5975
4347
1162
2854
7028
9033
762
3542
2295
1055
5583
7829
6570
3904
805
9742
976
2551
8868
5870
335
8856
2331
3202
3442
3390
3344
6277
4370
9642
2773
8373
3335
5694
2406
5119
3494
9870
8266
1061
2521
1616
78
8757
4941
8725
3488
784
3416
8717
810
4420
4183
4344
9844
9149
8557
8751
2790
4653
6156
2762
2027
5950
139
2711
4239
8368
9308
4001
6822
1112
825
8295
6104
1135
7356
9768
4142
3247
9653
2852
7829
405
10000
2548
2676
2524
2692
80
8517
4571
3189
2487
8392
869
5710
2827
6572
2511
4856
9437
6789
475
6685
2848
5355
3276
477
7436
8644
9701
1883
2670
1367
3590
3711
5531
2434
9884
5604
3146
8566
4368
5253
9550
948
5171
2497
2232
6273
8449
1522
9450
3638
9911
5128
7923
2771
907
2312
9729
9261
3686
3731
8138
3013
1110
6125
2554
9423
1828
861
2375
9479
2660
6575
7667
6786
6815
6688
6779
2756
4117
2834
6230
9409
9386
6582
4456
2712
1128
8227
9843
7165
2693
9904
6295
1849
7816
2824
4489
6888
2657
9455
3092
1958
5475
6450
9895
7040
3411
3429
2297
9903
4650
5789
6538
7944
9258
7779
3634
4657
308
4894
1980
6126
1447
8361
7583
3433
1362
366
8041
7978
2629
7498
5158
1580
7279
6735
359
2130
9044
3895
9864
5902
4340
2529
4119
5628
1967
8128
8291
1806
6809
64
7929
4745
8364
8155
9632
2257
802
4787
7323
4692
2698
8289
3801
4979
8745
3813
3333
2675
6527
5308
5659
7672
4435
4349
5175
8147
216
1034
4563
2651
5590
2024
4327
3163
4781
4056
913
2806
4814
1531
8918
9502
1732
1748
7685
9699
8124
6670
3336
7153
9800
6354
3242
9953
2440
8404
3528
7826
4209
2477
6845
755
3058
3776
3321
6144
6627
980
6153
2466
4883
1279
7401
4419
9620
2742
6019
3004
5828
380
6603
9890
1784
3120
2090
9463
2311
5273
9730
3836
3700
7
7655
6388
2730
1662
7580
2501
2743
283
6292
3936
5842
1255
696
2599
5911
5329
1995
3498
3263
2526
8350
2718
5689
7978
8755
2194
4712
4888
3586
8311
9446
4015
5688
8204
6838
5549
931
6302
5187
5003
56
2562
448
984
2196
5425
4671
14
4652
9332
1108
402
2415
3175
1225
3772
1210
7630
2328
1217
1823
9503
2647
1793
8944
2355
6771
2074
5857
9131
7817
3212
8173
5871
7598
1676
1686
2545
1784
381
9281
1780
3061
9224
1274
2327
7156
1241
3625
1768
6219
532
9230
17
4247
9287
6763
3083
8054
8593
6734
5198
4015
8897
3811
8683
1778
8379
894
7906
2539
1978
6984
9547
937
8509
7880
7342
4504
6024
6082
2553
7794
9356
8965
7268
2878
4676
8910
8290
7571
4682
9070
749
6982
3334
1066
7021
2153
1318
8077
7480
1403
2301
7484
6216
6646
3697
1615
4558
1561
8396
7222
2939
7268
4780
7736
1432
6132
9577
3851
1855
5921
2037
5433
8809
1937
2329
6176
6814
7839
2572
3946
269
5208
5426
9297
1466
4816
5598
5709
6641
351
1849
1232
2824
4160
395
1034
3840
5297
3851
8483
1823
244
533
2017
9574
6314
2141
3898
9200
5159
9449
8057
3475
4624
659
1064
9296
1664
478
9323
6158
3211
5511
9631
8470
5614
3483
3762
3550
7501
8916
8571
2477
8505
991
1673
5225
4393
9200
2166
8589
1734
5241
9280
2885
2460
7067
26
12
449
7628
6432
9883
9288
3593
5777
3903
388
5911
5224
6286
7508
8859
5747
5537
7307
304
4702
7575
9806
3378
9349
9277
9469
9548
158
728
4346
941
8902
6803
9452
8066
1969
2217
5219
5066
4866
4697
6939
3047
7403
3480
7368
7849
4586
7900
1691
3729
1545
4166
8272
1611
6590
3372
4350
5024
5562
7317
9417
3747
4437
5453
8576
3778
2793
4624
3894
3784
5250
2030
656
9402
6795
4
7842
5620
2480
7635
1952
851
5
9868
7287
744
3364
3997
3478
3191
7975
865
7692
516
2456
7386
4948
6585
4529
6784
1587
2621
1211
6071
6
4861
8760
6975
1350
4949
4640
3959
2813
7016
2187
7827
6340
7188
7904
6661
7409
536
8277
4731
1869
2350
9031
8363
8260
8532
7077
9582
6955
5941
2866
3345
3329
1677
6188
9316
7291
6959
2684
4879
7491
4349
5703
7130
9736
3947
746
8243
4106
4541
6808
7191
6062
2977
8109
7494
1499
8159
6608
8852
9002
2913
2809
7140
5759
1290
8486
9160
7152
1745
1015
6996
4615
7348
3975
1520
4981
354
9893
8175
7503
4202
9935
4628
8170
1008
4437
8423
1608
8150
4971
2858
8767
2535
7899
6680
1522
8087
9927
6001
8723
1638
6498
8306
1058
5368
9504
1364
1084
4035
5619
4554
9379
5046
4695
8215
9375
8715
9858
1625
6103
7754
7490
6141
8011
5178
6560
7063
4103
8769
5387
6830
6204
9842
7989
8158
5269
1267
2809
9598
8046
2609
7163
4628
3336
8851
6071
8938
4641
6316
8385
7105
5911
5972
7539
7380
6398
8703
5978
601
9885
84
1362
9149
5054
9277
2729
2459
2114
5648
2479
9104
1931
783
6474
2233
2384
5423
7569
3923
5199
714
894
1291
6671
359
9278
7392
789
603
472
3173
2313
1448
2531
6135
8170
7278
7647
4953
7370
1393
1172
4991
637
9883
7009
2094
7247
3277
1299
7029
2118
274
131
6072
2654
4674
2926
8487
3505
8664
3491
3412
6054
7545
2546
7970
3484
2849
6521
4677
2130
6007
1735
1969
3123
3223
1212
3166
1613
9605
1287
6446
8729
6863
9409
5442
3619
1025
1144
8088
8665
6365
3722
442
4879
4812
5195
661
7569
9982
420
8551
169
3163
7364
4607
327
2244
6367
5745
3169
6529
6548
3632
3070
3255
6176
9200
8682
5353
759
7157
8214
6541
3198
3626
1237
3423
5618
9718
8990
8542
7492
101
8849
2731
6808
942
1322
339
7392
355
3965
6300
2963
767
4778
4196
3920
2785
3126
8491
5972
5810
9417
7839
2911
3566
5275
5323
3622
190
6804
6317
2071
4850
7267
4802
4381
4788
534
9793
84
446
3529
3787
4576
142
5020
4225
5667
3131
5607
3141
1667
6693
5408
6008
1341
8263
2825
4445
5301
4315
824
2041
6385
2143
4245
4392
4825
7724
172
8543
4202
6738
1120
3612
5455
1962
7683
4014
798
440
9509
5929
748
4747
3272
5987
7075
1469
2754
1100
535
1654
9736
125
8934
3421
6891
958
8651
7761
9525
8804
907
4812
4934
623
9827
493
1534
2245
5497
5579
4503
1843
3823
9590
7621
5097
516
9075
4202
7052
3529
3902
2141
4609
5200
5231
2249
5570
5353
4558
2248
9521
5690
9989
5603
4099
9792
6972
675
3474
7147
2263
8834
347
2174
3361
6990
1653
5206
7318
9515
4915
1833
9699
2429
9140
6719
3766
6107
8000
5471
8554
2708
6292
4894
6844
6164
9505
9583
2847
8849
2318
4012
8398
280
9766
5454
6184
2408
6910
9170
7721
2866
5994
5932
517
1949
6452
9287
74
2571
1603
9544
4502
8360
5482
179
4195
1589
5394
1816
2249
3134
9746
1616
7763
2340
5959
3884
6223
1251
9753
7756
4178
9108
7707
6958
6259
5707
1854
526
2842
2555
4065
8773
8196
6494
5015
