0
4
4
5
6
6
7
7
8
10
11
11
12
12
13
14
14
16
17
17
18
19
23
25
26
26
26
27
29
30
30
31
32
34
35
36
37
37
37
39
40
41
42
42
42
47
47
47
48
48
48
50
52
52
52
53
54
55
56
56
57
58
62
63
64
64
65
67
69
71
73
74
74
74
74
74
74
75
75
75
78
79
80
80
80
80
83
83
84
84
85
88
88
89
89
89
92
92
93
94
95
95
96
97
97
97
98
101
101
102
102
104
104
104
104
105
106
109
110
111
113
114
115
115
115
118
118
119
123
125
125
125
125
127
131
132
132
133
134
138
139
139
140
141
141
142
142
146
148
150
150
151
151
153
155
155
156
158
159
160
160
161
163
165
165
166
169
169
169
170
170
171
172
172
173
175
177
177
178
179
179
179
180
183
183
183
183
184
185
186
187
188
189
190
191
191
191
193
193
194
195
195
195
195
200
201
201
201
202
205
206
207
208
208
209
212
213
215
215
215
215
216
216
221
222
222
234
237
239
242
243
244
245
246
247
249
249
250
251
252
253
253
254
255
257
257
258
259
262
262
262
263
264
265
265
267
269
271
273
274
274
275
276
277
278
279
280
280
281
282
282
283
283
283
283
284
288
289
291
292
293
293
293
294
296
297
298
304
304
304
304
308
310
311
312
312
315
317
318
321
322
323
324
325
326
326
327
327
327
328
330
330
330
333
335
336
336
336
336
339
342
343
343
344
344
344
345
345
345
345
347
351
352
353
354
355
355
355
356
358
358
359
359
359
360
360
364
366
366
367
367
370
371
371
371
371
372
372
372
376
376
376
377
380
380
381
382
382
384
384
385
385
387
387
388
388
389
390
390
391
391
392
392
393
393
394
394
394
395
395
396
397
400
401
402
402
403
405
405
408
408
409
411
411
411
412
415
416
416
419
420
420
422
423
423
423
425
427
428
431
431
431
433
434
436
438
439
440
440
442
442
442
442
443
445
446
446
447
447
448
448
448
448
449
449
450
451
452
453
453
454
454
455
456
457
458
460
460
462
463
463
463
464
465
466
467
467
470
471
471
472
473
473
475
477
478
478
484
487
489
489
490
490
492
493
494
495
495
500
500
500
501
503
506
506
508
510
513
513
514
515
515
516
516
517
520
522
523
524
525
526
526
528
529
530
531
532
532
533
533
534
535
535
536
537
539
540
542
547
548
548
550
552
552
552
552
553
555
557
561
561
566
566
567
567
570
571
572
572
572
573
573
574
574
574
574
575
576
576
577
577
580
581
588
590
590
590
591
592
592
592
592
594
595
595
597
597
599
600
601
601
601
601
603
603
603
603
607
608
609
610
610
612
612
613
613
613
614
614
615
616
616
618
618
620
622
623
624
624
625
625
627
627
628
628
630
630
631
632
632
632
635
636
637
637
641
642
642
643
644
644
646
646
647
648
649
650
650
650
652
654
654
656
658
658
658
659
661
662
663
665
666
666
667
668
668
670
672
674
675
675
677
678
678
678
682
685
685
686
689
690
690
691
691
691
692
694
695
696
697
697
697
700
702
703
704
705
705
706
706
708
708
708
708
709
710
711
711
711
712
713
714
715
715
716
717
717
718
720
721
722
727
728
729
730
730
731
732
732
733
733
734
735
735
737
737
738
740
740
741
741
743
744
745
746
746
747
748
749
749
752
754
755
755
757
758
758
759
761
761
762
766
766
766
767
769
771
771
772
772
773
773
776
777
778
782
783
783
784
784
784
785
786
789
789
791
792
792
795
796
796
798
798
800
800
801
801
802
805
805
809
810
811
812
813
814
815
818
820
820
821
822
822
822
823
824
825
825
826
827
828
829
830
832
833
833
834
835
835
835
837
838
841
843
843
843
846
847
848
848
851
852
853
853
854
854
856
856
857
859
860
860
861
861
862
862
862
863
864
865
868
869
869
870
871
871
872
872
872
875
877
878
879
879
882
882
882
885
886
889
890
892
894
894
896
903
904
905
907
907
907
907
909
910
910
912
912
913
915
918
922
922
922
924
926
927
927
927
928
931
931
931
932
933
935
935
935
937
937
939
939
940
940
941
942
944
944
945
948
949
953
953
955
958
958
958
959
960
960
961
961
961
962
963
963
966
967
968
968
971
971
971
974
976
979
980
980
981
984
984
986
987
987
988
989
989
990
991
992
992
992
994
994
994
994
994
995
995
996
996
997
998
999
1001
1001
1002
1002
1003
1004
1006
1006
1007
1007
1008
1009
1010
1012
1013
1014
1015
1015
1015
1016
1017
1017
1018
1019
1022
1022
1024
1024
1025
1027
1027
1028
1029
1029
1034
1034
1034
1035
1035
1037
1037
1037
1039
1042
1043
1045
1047
1049
1050
1050
1051
1051
1054
1055
1055
1056
1056
1057
1058
1059
1060
1060
1061
1061
1061
1062
1063
1064
1065
1066
1066
1066
1068
1069
1072
1073
1076
1076
1077
1077
1078
1079
1079
1084
1084
1085
1085
1086
1087
1087
1092
1092
1096
1096
1098
1100
1101
1101
1101
1102
1104
1106
1107
1108
1108
1110
1110
1112
1114
1115
1115
1116
1118
1120
1120
1120
1122
1122
1123
1123
1125
1125
1127
1128
1129
1130
1130
1132
1133
1134
1134
1135
1135
1135
1136
1139
1140
1142
1144
1144
1146
1147
1151
1152
1152
1153
1154
1155
1156
1156
1157
1158
1158
1158
1160
1160
1161
1162
1162
1162
1166
1168
1170
1171
1171
1172
1173
1174
1177
1177
1178
1178
1180
1183
1183
1184
1185
1187
1189
1191
1193
1194
1195
1196
1197
1197
1197
1199
1199
1199
1200
1201
1202
1203
1203
1204
1204
1205
1205
1206
1207
1207
1209
1210
1211
1211
1212
1212
1214
1216
1216
1217
1218
1218
1218
1219
1220
1220
1220
1221
1221
1223
1224
1224
1225
1226
1227
1228
1228
1228
1229
1231
1232
1232
1235
1235
1235
1236
1237
1239
1239
1239
1240
1241
1241
1243
1244
1245
1245
1246
1246
1249
1251
1251
1251
1253
1253
1254
1255
1255
1256
1257
1259
1259
1260
1260
1261
1262
1264
1265
1266
1267
1268
1269
1269
1271
1272
1274
1275
1276
1278
1279
1279
1279
1279
1280
1282
1283
1284
1286
1287
1287
1289
1290
1290
1290
1291
1291
1291
1295
1296
1296
1297
1297
1297
1298
1298
1299
1300
1300
1301
1301
1302
1302
1302
1303
1303
1304
1305
1306
1308
1309
1310
1310
1311
1311
1313
1315
1316
1317
1318
1318
1319
1319
1320
1320
1321
1321
1322
1322
1326
1328
1329
1330
1333
1333
1335
1336
1338
1340
1341
1345
1345
1346
1346
1346
1350
1350
1351
1352
1352
1353
1354
1354
1358
1359
1359
1362
1362
1362
1363
1363
1364
1366
1366
1366
1367
1367
1368
1369
1369
1370
1373
1373
1375
1376
1377
1377
1377
1378
1379
1380
1380
1380
1381
1384
1384
1385
1385
1386
1388
1391
1393
1393
1393
1394
1394
1394
1395
1398
1399
1400
1401
1401
1402
1402
1403
1404
1404
1405
1405
1406
1407
1409
1409
1412
1412
1416
1416
1418
1419
1419
1420
1423
1424
1425
1426
1429
1430
1431
1431
1432
1433
1433
1436
1437
1439
1439
1442
1443
1444
1447
1448
1449
1450
1450
1452
1452
1452
1453
1461
1462
1464
1465
1465
1466
1467
1469
1470
1471
1473
1474
1478
1479
1479
1479
1484
1484
1489
1490
1490
1492
1495
1495
1496
1496
1497
1498
1499
1499
1501
1502
1502
1504
1506
1506
1509
1509
1509
1510
1511
1511
1512
1515
1515
1515
1519
1520
1522
1522
1522
1523
1524
1524
1528
1531
1531
1533
1534
1534
1534
1536
1537
1538
1539
1540
1540
1541
1544
1545
1546
1548
1549
1551
1552
1553
1554
1556
1556
1556
1558
1559
1559
1560
1561
1561
1562
1564
1564
1565
1565
1565
1566
1570
1571
1571
1573
1574
1575
1575
1577
1577
1580
1580
1582
1584
1586
1586
1586
1587
1587
1588
1588
1589
1591
1591
1592
1593
1595
1597
1598
1599
1601
1602
1603
1603
1604
1604
1606
1608
1608
1608
1608
1609
1609
1610
1611
1612
1612
1613
1613
1615
1615
1615
1615
1616
1616
1616
1617
1617
1620
1621
1621
1621
1622
1625
1626
1627
1628
1628
1632
1633
1636
1636
1636
1637
1638
1638
1638
1638
1638
1639
1640
1641
1643
1643
1644
1645
1647
1647
1647
1647
1648
1648
1649
1653
1653
1653
1654
1654
1656
1656
1657
1657
1657
1658
1659
1662
1662
1662
1663
1663
1664
1664
1666
1667
1667
1667
1668
1669
1671
1673
1674
1674
1674
1676
1677
1678
1681
1683
1684
1686
1686
1687
1688
1688
1689
1690
1690
1690
1691
1691
1692
1694
1696
1696
1698
1700
1702
1702
1702
1702
1703
1703
1704
1708
1708
1710
1711
1712
1712
1712
1713
1717
1717
1717
1719
1719
1720
1723
1723
1724
1725
1727
1728
1729
1730
1731
1731
1732
1734
1735
1735
1735
1736
1736
1738
1740
1741
1743
1745
1745
1745
1746
1746
1746
1747
1748
1748
1749
1749
1749
1752
1752
1752
1753
1755
1755
1757
1759
1763
1764
1766
1767
1768
1768
1772
1774
1775
1775
1775
1775
1775
1778
1779
1780
1780
1781
1781
1782
1782
1784
1784
1784
1784
1785
1786
1788
1788
1789
1790
1792
1793
1793
1793
1795
1796
1796
1798
1798
1799
1800
1802
1805
1806
1807
1808
1809
1809
1810
1814
1816
1816
1817
1819
1819
1819
1821
1822
1823
1823
1823
1825
1826
1827
1828
1830
1831
1832
1833
1833
1833
1833
1833
1834
1834
1835
1835
1837
1837
1837
1840
1841
1841
1841
1842
1843
1846
1846
1846
1846
1847
1848
1849
1849
1849
1850
1851
1852
1853
1854
1854
1855
1859
1859
1863
1865
1866
1867
1868
1869
1869
1870
1872
1873
1875
1876
1878
1879
1880
1881
1882
1882
1883
1883
1885
1885
1886
1887
1894
1894
1896
1897
1897
1899
1900
1901
1904
1905
1906
1906
1907
1907
1908
1909
1910
1912
1913
1915
1916
1917
1917
1918
1918
1919
1919
1919
1920
1920
1924
1924
1924
1924
1925
1926
1927
1928
1928
1928
1930
1931
1931
1932
1933
1935
1936
1937
1938
1939
1944
1944
1946
1947
1948
1949
1949
1950
1951
1952
1952
1953
1954
1955
1957
1957
1958
1960
1960
1960
1960
1962
1963
1965
1966
1967
1967
1967
1967
1968
1969
1969
1971
1972
1972
1975
1976
1977
1978
1978
1980
1980
1981
1981
1981
1981
1982
1983
1984
1984
1985
1986
1986
1986
1988
1988
1989
1990
1991
1992
1992
1992
1993
1993
1994
1995
1995
1997
1998
1999
1999
2000
2001
2003
2004
2005
2007
2007
2008
2008
2009
2009
2010
2010
2011
2013
2014
2015
2017
2017
2019
2019
2019
2021
2024
2024
2024
2026
2027
2028
2028
2028
2030
2030
2030
2030
2031
2032
2032
2034
2034
2034
2035
2037
2038
2039
2040
2040
2040
2041
2041
2042
2042
2044
2044
2046
2047
2047
2047
2048
2050
2051
2053
2053
2054
2054
2055
2055
2055
2055
2055
2057
2058
2060
2060
2061
2064
2066
2066
2067
2067
2067
2068
2068
2071
2071
2072
2073
2074
2074
2075
2075
2075
2078
2079
2081
2081
2082
2083
2087
2087
2089
2089
2090
2092
2092
2093
2093
2094
2094
2095
2095
2098
2099
2099
2101
2101
2104
2105
2110
2112
2113
2114
2116
2117
2117
2118
2121
2121
2121
2124
2125
2126
2126
2128
2129
2129
2129
2130
2130
2131
2132
2133
2133
2133
2134
2134
2135
2136
2137
2137
2137
2137
2139
2141
2141
2141
2143
2143
2143
2145
2145
2149
2149
2151
2152
2152
2153
2155
2158
2161
2162
2163
2166
2166
2166
2167
2168
2169
2171
2171
2174
2174
2174
2175
2177
2179
2179
2179
2179
2180
2181
2182
2184
2185
2186
2186
2187
2187
2191
2194
2194
2195
2196
2196
2196
2197
2198
2200
2201
2202
2203
2203
2206
2209
2210
2210
2210
2211
2212
2213
2214
2215
2217
2217
2217
2218
2221
2223
2224
2226
2227
2227
2229
2230
2231
2232
2233
2233
2234
2234
2236
2236
2236
2237
2238
2238
2239
2240
2241
2242
2244
2244
2245
2245
2246
2247
2247
2248
2249
2249
2249
2250
2250
2252
2254
2254
2254
2255
2255
2256
2256
2256
2257
2257
2257
2261
2262
2263
2266
2268
2270
2270
2270
2271
2271
2272
2273
2275
2275
2276
2276
2277
2278
2278
2282
2283
2283
2284
2285
2286
2286
2286
2286
2286
2286
2287
2289
2291
2292
2292
2292
2293
2294
2294
2294
2294
2295
2295
2295
2295
2295
2296
2296
2297
2301
2301
2302
2304
2306
2306
2306
2307
2308
2309
2310
2311
2312
2313
2313
2313
2313
2318
2319
2322
2324
2326
2327
2328
2329
2329
2330
2331
2334
2336
2336
2338
2339
2340
2341
2341
2343
2345
2345
2346
2347
2350
2353
2354
2354
2355
2356
2356
2357
2358
2358
2359
2360
2360
2361
2361
2362
2364
2367
2368
2368
2369
2372
2374
2374
2375
2375
2378
2379
2379
2380
2381
2381
2382
2383
2383
2384
2384
2386
2388
2389
2391
2392
2396
2397
2397
2398
2399
2402
2403
2404
2404
2405
2406
2406
2408
2411
2412
2412
2414
2415
2415
2417
2417
2417
2418
2419
2420
2422
2429
2429
2431
2432
2433
2434
2434
2435
2435
2436
2437
2438
2438
2439
2440
2440
2441
2445
2445
2445
2446
2447
2447
2448
2450
2451
2454
2454
2455
2455
2456
2456
2458
2459
2460
2461
2461
2461
2463
2463
2465
2466
2466
2467
2468
2472
2473
2475
2476
2476
2476
2477
2477
2478
2478
2479
2479
2480
2481
2481
2482
2483
2484
2487
2487
2488
2489
2489
2489
2494
2495
2497
2497
2499
2499
2501
2502
2503
2503
2504
2505
2505
2506
2507
2511
2514
2517
2518
2518
2520
2521
2521
2521
2522
2523
2523
2524
2524
2526
2527
2527
2528
2528
2529
2530
2531
2531
2532
2532
2532
2533
2535
2535
2536
2537
2537
2539
2541
2545
2545
2546
2546
2548
2548
2549
2549
2551
2552
2552
2552
2553
2554
2555
2556
2556
2558
2558
2558
2561
2561
2562
2564
2565
2568
2569
2570
2570
2570
2571
2571
2572
2572
2572
2574
2574
2575
2577
2577
2577
2582
2585
2586
2587
2588
2589
2591
2592
2592
2593
2593
2596
2596
2597
2598
2598
2599
2599
2603
2603
2604
2604
2604
2607
2607
2608
2609
2609
2612
2613
2615
2616
2616
2616
2618
2620
2620
2621
2621
2622
2623
2624
2625
2626
2627
2628
2629
2629
2630
2631
2632
2633
2634
2635
2636
2636
2637
2637
2637
2638
2639
2640
2640
2640
2641
2642
2643
2646
2646
2646
2647
2650
2650
2651
2653
2654
2654
2654
2656
2656
2656
2657
2657
2660
2660
2662
2663
2664
2664
2665
2667
2668
2670
2672
2675
2676
2677
2678
2678
2679
2680
2680
2682
2682
2682
2684
2688
2689
2689
2690
2691
2692
2693
2693
2694
2694
2695
2697
2698
2698
2698
2698
2699
2700
2700
2703
2707
2707
2707
2708
2710
2711
2711
2712
2712
2712
2713
2714
2714
2715
2717
2717
2718
2719
2720
2720
2722
2723
2724
2728
2729
2729
2729
2730
2730
2731
2731
2732
2732
2733
2733
2735
2736
2736
2739
2739
2739
2739
2739
2742
2742
2743
2743
2744
2744
2744
2745
2745
2747
2753
2754
2755
2755
2755
2756
2758
2760
2761
2762
2764
2765
2765
2767
2768
2768
2768
2769
2769
2771
2772
2773
2773
2773
2775
2775
2778
2779
2779
2779
2780
2780
2783
2784
2785
2785
2785
2786
2786
2787
2789
2790
2791
2791
2793
2796
2797
2800
2801
2801
2802
2805
2806
2806
2807
2809
2809
2809
2810
2812
2812
2812
2813
2817
2818
2820
2821
2822
2824
2824
2825
2826
2827
2828
2830
2834
2836
2836
2837
2838
2838
2839
2839
2840
2842
2845
2847
2847
2847
2848
2849
2852
2852
2854
2854
2855
2857
2857
2858
2859
2863
2864
2866
2866
2866
2866
2868
2869
2870
2871
2873
2876
2877
2878
2878
2878
2879
2879
2880
2881
2881
2882
2882
2883
2884
2885
2885
2885
2887
2888
2889
2891
2893
2894
2894
2895
2898
2898
2899
2899
2900
2904
2905
2906
2906
2907
2909
2911
2912
2912
2912
2912
2913
2913
2913
2914
2914
2915
2915
2915
2916
2916
2916
2916
2916
2918
2918
2919
2919
2920
2921
2921
2922
2925
2926
2926
2928
2928
2930
2932
2933
2936
2936
2937
2937
2938
2939
2940
2940
2940
2943
2943
2943
2945
2945
2947
2948
2948
2952
2953
2954
2954
2955
2955
2956
2958
2959
2960
2962
2962
2962
2963
2963
2965
2966
2966
2967
2968
2968
2969
2969
2969
2971
2971
2973
2973
2973
2973
2973
2975
2975
2975
2976
2976
2977
2978
2980
2983
2984
2985
2985
2987
2988
2991
2991
2992
2994
2995
2997
2998
2999
3000
3001
3001
3002
3004
3005
3007
3007
3008
3010
3011
3011
3013
3013
3014
3015
3016
3018
3018
3019
3021
3025
3029
3029
3029
3030
3035
3035
3040
3040
3042
3042
3042
3044
3044
3047
3051
3052
3052
3053
3055
3056
3057
3057
3057
3058
3060
3061
3061
3062
3062
3062
3062
3063
3067
3067
3067
3068
3069
3070
3070
3072
3074
3076
3077
3077
3078
3079
3080
3080
3081
3082
3083
3083
3084
3084
3085
3088
3088
3091
3091
3092
3094
3095
3095
3096
3099
3102
3105
3105
3105
3105
3107
3107
3108
3109
3109
3110
3110
3110
3111
3111
3112
3112
3113
3113
3113
3113
3114
3115
3115
3118
3118
3119
3120
3123
3123
3126
3126
3126
3128
3129
3130
3131
3131
3133
3134
3134
3135
3135
3136
3136
3137
3138
3139
3139
3139
3139
3139
3141
3142
3144
3145
3146
3146
3148
3149
3149
3149
3150
3152
3152
3153
3154
3155
3156
3157
3158
3159
3159
3163
3163
3165
3166
3166
3166
3167
3167
3169
3171
3172
3172
3173
3173
3174
3174
3175
3176
3177
3178
3178
3180
3180
3181
3184
3184
3185
3188
3189
3189
3190
3191
3191
3191
3194
3194
3195
3196
3196
3196
3197
3198
3201
3202
3202
3204
3207
3211
3212
3214
3215
3216
3216
3216
3217
3218
3218
3218
3218
3219
3220
3221
3223
3225
3225
3226
3229
3229
3231
3231
3232
3233
3234
3235
3236
3236
3237
3238
3240
3242
3242
3242
3243
3245
3245
3246
3247
3249
3249
3250
3250
3250
3251
3255
3258
3258
3259
3259
3260
3261
3262
3263
3263
3264
3265
3265
3268
3270
3272
3272
3272
3274
3274
3275
3275
3275
3275
3276
3276
3277
3277
3278
3278
3281
3283
3283
3284
3284
3285
3285
3287
3288
3288
3288
3289
3290
3291
3292
3296
3296
3297
3297
3297
3298
3300
3301
3301
3301
3302
3304
3306
3307
3308
3309
3309
3310
3312
3313
3313
3314
3315
3316
3318
3321
3322
3322
3324
3325
3326
3329
3332
3333
3334
3335
3335
3335
3335
3336
3336
3337
3338
3339
3340
3344
3344
3345
3345
3346
3347
3347
3348
3348
3348
3350
3352
3355
3357
3359
3359
3361
3361
3364
3365
3365
3367
3367
3367
3368
3369
3369
3370
3371
3372
3372
3372
3374
3377
3377
3377
3378
3378
3379
3379
3379
3379
3379
3380
3382
3383
3383
3384
3386
3386
3387
3387
3389
3390
3391
3393
3396
3396
3397
3398
3399
3400
3400
3401
3404
3404
3405
3406
3407
3407
3408
3408
3411
3412
3412
3412
3412
3414
3414
3414
3415
3415
3416
3417
3418
3419
3421
3421
3421
3423
3423
3426
3426
3426
3427
3429
3429
3430
3430
3431
3432
3432
3433
3435
3436
3437
3438
3440
3440
3442
3443
3445
3449
3454
3455
3455
3456
3456
3457
3458
3459
3460
3460
3460
3461
3462
3462
3463
3465
3465
3465
3467
3471
3472
3473
3473
3473
3474
3474
3475
3476
3477
3477
3478
3480
3481
3483
3483
3483
3484
3484
3485
3486
3486
3488
3488
3489
3490
3491
3491
3492
3492
3492
3493
3494
3494
3494
3495
3495
3496
3497
3497
3498
3498
3500
3501
3501
3501
3502
3502
3503
3505
3509
3509
3509
3510
3514
3515
3516
3516
3518
3520
3521
3525
3525
3526
3527
3527
3527
3528
3529
3529
3529
3531
3535
3537
3537
3540
3541
3541
3542
3542
3542
3543
3544
3545
3545
3545
3546
3547
3548
3550
3553
3553
3554
3555
3556
3557
3557
3559
3559
3561
3562
3562
3562
3564
3564
3566
3567
3568
3569
3571
3572
3573
3573
3574
3575
3576
3580
3581
3583
3583
3585
3586
3586
3586
3587
3590
3591
3591
3592
3593
3593
3593
3593
3594
3595
3599
3599
3601
3602
3604
3606
3608
3609
3609
3609
3610
3612
3612
3613
3613
3615
3615
3616
3617
3619
3619
3620
3620
3621
3621
3621
3622
3622
3623
3625
3625
3625
3626
3628
3630
3630
3632
3632
3633
3634
3636
3636
3636
3638
3638
3640
3641
3641
3642
3645
3646
3648
3651
3653
3657
3658
3659
3661
3661
3663
3667
3669
3674
3674
3675
3675
3678
3680
3683
3684
3685
3685
3685
3685
3685
3685
3686
3688
3689
3689
3690
3691
3692
3695
3697
3698
3698
3699
3699
3700
3701
3702
3702
3703
3703
3703
3705
3707
3709
3710
3711
3712
3714
3715
3716
3717
3718
3719
3720
3722
3722
3725
3726
3727
3727
3728
3728
3729
3730
3731
3732
3734
3735
3736
3737
3737
3739
3740
3740
3743
3744
3745
3747
3748
3749
3750
3751
3751
3752
3755
3755
3755
3756
3758
3761
3761
3762
3762
3765
3766
3767
3767
3769
3771
3772
3772
3772
3773
3776
3776
3776
3777
3777
3777
3778
3782
3783
3784
3784
3784
3785
3785
3786
3787
3789
3790
3792
3793
3794
3801
3801
3801
3803
3804
3804
3805
3807
3807
3810
3811
3811
3811
3813
3813
3813
3814
3815
3817
3817
3818
3820
3820
3821
3822
3823
3826
3827
3828
3828
3829
3829
3829
3829
3830
3830
3832
3832
3832
3833
3834
3836
3836
3836
3837
3839
3840
3840
3842
3843
3845
3845
3849
3849
3850
3850
3851
3851
3852
3852
3852
3854
3854
3854
3856
3856
3856
3859
3860
3862
3868
3872
3873
3875
3876
3884
3886
3887
3887
3888
3889
3890
3891
3891
3892
3892
3893
3893
3893
3893
3894
3894
3895
3898
3898
3902
3902
3902
3902
3903
3903
3904
3908
3909
3909
3910
3911
3911
3912
3912
3913
3914
3916
3916
3917
3918
3920
3921
3921
3923
3925
3926
3927
3928
3930
3930
3930
3931
3932
3934
3936
3936
3937
3937
3938
3938
3938
3939
3939
3940
3943
3946
3946
3946
3947
3947
3949
3949
3953
3953
3953
3953
3955
3955
3955
3956
3956
3958
3959
3959
3961
3961
3962
3963
3965
3966
3966
3967
3967
3968
3969
3969
3972
3974
3974
3975
3977
3977
3977
3978
3978
3979
3982
3982
3983
3984
3984
3986
3987
3987
3988
3993
3994
3996
3997
3997
3999
4000
4001
4001
4005
4007
4007
4007
4008
4008
4009
4010
4012
4014
4014
4015
4015
4015
4016
4017
4018
4019
4019
4020
4026
4026
4027
4027
4028
4029
4029
4029
4030
4031
4032
4033
4034
4035
4035
4035
4035
4036
4037
4040
4040
4041
4041
4042
4047
4047
4048
4049
4050
4052
4053
4053
4055
4056
4056
4056
4058
4059
4060
4062
4063
4063
4063
4063
4064
4065
4066
4066
4067
4067
4068
4068
4069
4069
4072
4072
4072
4074
4077
4080
4081
4082
4082
4085
4086
4088
4089
4090
4090
4092
4094
4094
4095
4095
4097
4099
4099
4100
4101
4102
4103
4103
4103
4105
4106
4107
4107
4108
4110
4110
4111
4112
4114
4117
4119
4119
4123
4123
4124
4125
4125
4125
4126
4126
4126
4128
4128
4128
4129
4129
4130
4131
4131
4131
4132
4138
4140
4142
4143
4144
4145
4147
4148
4148
4149
4150
4151
4157
4160
4160
4161
4161
4163
4163
4166
4166
4166
4168
4171
4172
4173
4174
4174
4175
4178
4179
4179
4183
4183
4184
4184
4187
4189
4190
4191
4192
4194
4195
4196
4196
4201
4201
4202
4202
4202
4202
4203
4203
4203
4204
4205
4206
4206
4207
4207
4208
4208
4209
4210
4210
4212
4213
4213
4215
4215
4216
4216
4216
4216
4217
4219
4220
4221
4222
4222
4222
4223
4224
4224
4225
4226
4226
4227
4228
4230
4230
4230
4232
4232
4232
4233
4233
4234
4234
4234
4235
4235
4237
4239
4240
4241
4244
4244
4245
4245
4247
4247
4250
4251
4254
4255
4257
4258
4258
4259
4261
4261
4263
4264
4264
4265
4266
4266
4269
4270
4271
4271
4272
4273
4273
4274
4276
4277
4277
4277
4279
4281
4282
4283
4283
4283
4285
4285
4287
4287
4289
4292
4299
4304
4307
4308
4308
4309
4310
4310
4311
4312
4313
4314
4315
4317
4319
4321
4323
4324
4325
4326
4326
4327
4327
4327
4330
4332
4333
4334
4334
4334
4334
4336
4336
4338
4338
4339
4340
4340
4340
4343
4344
4344
4345
4346
4346
4347
4347
4348
4349
4349
4350
4350
4351
4351
4354
4355
4355
4356
4361
4362
4363
4364
4365
4365
4366
4368
4368
4369
4370
4371
4373
4374
4375
4375
4375
4378
4378
4379
4380
4380
4381
4381
4383
4383
4384
4384
4384
4389
4389
4390
4392
4392
4393
4394
4395
4397
4399
4402
4402
4404
4404
4405
4406
4407
4408
4408
4409
4409
4412
4412
4415
4415
4416
4416
4416
4417
4419
4419
4419
4420
4420
4420
4421
4423
4423
4423
4424
4424
4432
4432
4433
4434
4435
4435
4436
4437
4437
4440
4444
4444
4445
4448
4450
4450
4451
4453
4454
4454
4454
4456
4456
4457
4457
4458
4458
4462
4462
4462
4462
4463
4463
4464
4466
4466
4468
4469
4469
4469
4473
4473
4474
4476
4477
4477
4479
4480
4480
4482
4482
4483
4485
4485
4485
4486
4488
4488
4489
4489
4492
4493
4494
4496
4498
4499
4501
4501
4502
4503
4504
4506
4506
4509
4510
4512
4513
4513
4513
4514
4516
4518
4518
4518
4520
4521
4521
4522
4522
4522
4524
4524
4526
4526
4528
4529
4529
4530
4530
4531
4532
4533
4534
4535
4535
4536
4536
4537
4538
4539
4539
4541
4542
4543
4543
4545
4546
4549
4549
4551
4553
4553
4554
4554
4555
4555
4556
4556
4558
4558
4558
4559
4560
4561
4562
4562
4563
4563
4563
4563
4564
4564
4566
4566
4566
4568
4568
4568
4570
4571
4571
4571
4572
4573
4574
4576
4576
4580
4581
4583
4585
4586
4588
4589
4590
4590
4591
4592
4596
4597
4600
4602
4602
4604
4604
4605
4606
4606
4607
4607
4607
4608
4609
4609
4610
4612
4613
4613
4614
4614
4615
4615
4616
4617
4619
4619
4620
4620
4622
4623
4623
4624
4624
4624
4624
4624
4626
4628
4628
4629
4630
4630
4632
4633
4634
4634
4635
4636
4637
4638
4638
4640
4640
4640
4641
4641
4642
4642
4644
4644
4644
4645
4646
4646
4649
4650
4650
4652
4652
4653
4653
4653
4654
4654
4654
4655
4657
4657
4659
4660
4663
4664
4665
4667
4668
4671
4672
4674
4674
4676
4677
4677
4678
4679
4679
4680
4681
4681
4682
4682
4683
4686
4686
4687
4687
4688
4690
4692
4694
4694
4695
4697
4697
4698
4699
4700
4702
4702
4703
4703
4704
4704
4707
4709
4710
4711
4712
4713
4717
4719
4719
4721
4722
4723
4725
4726
4727
4727
4728
4728
4728
4730
4731
4732
4732
4733
4733
4735
4735
4736
4737
4737
4738
4740
4742
4745
4746
4746
4747
4747
4747
4748
4749
4749
4750
4750
4751
4752
4754
4755
4757
4757
4758
4758
4758
4759
4759
4761
4762
4762
4762
4765
4767
4767
4768
4768
4769
4769
4771
4771
4771
4771
4772
4773
4773
4774
4775
4777
4778
4778
4779
4779
4779
4780
4780
4781
4781
4782
4783
4787
4788
4788
4789
4793
4793
4793
4794
4795
4799
4799
4799
4800
4800
4802
4803
4803
4805
4806
4810
4812
4812
4812
4813
4813
4813
4813
4814
4814
4814
4815
4815
4816
4816
4818
4820
4821
4821
4822
4822
4823
4824
4824
4825
4825
4826
4828
4829
4829
4830
4832
4832
4832
4832
4833
4833
4834
4834
4835
4837
4839
4840
4841
4841
4841
4841
4844
4845
4846
4846
4847
4848
4850
4851
4851
4851
4851
4851
4853
4855
4856
4856
4857
4861
4861
4861
4862
4863
4863
4865
4866
4866
4866
4867
4867
4867
4868
4869
4869
4872
4873
4874
4874
4875
4876
4876
4876
4877
4879
4879
4879
4880
4881
4883
4883
4885
4885
4886
4888
4888
4889
4889
4890
4891
4892
4893
4894
4894
4894
4896
4897
4897
4898
4899
4899
4901
4902
4906
4907
4910
4911
4911
4912
4913
4914
4915
4915
4919
4920
4920
4921
4923
4924
4927
4928
4929
4929
4930
4932
4934
4936
4938
4939
4939
4940
4941
4944
4945
4945
4948
4948
4949
4949
4949
4949
4949
4950
4951
4951
4953
4953
4954
4955
4959
4960
4960
4963
4964
4964
4964
4965
4966
4966
4966
4967
4969
4970
4970
4971
4971
4971
4973
4975
4975
4976
4978
4979
4979
4981
4981
4982
4983
4983
4984
4986
4989
4989
4991
4992
4993
4993
4994
4996
4998
4998
5000
5001
5001
5003
5005
5011
5011
5011
5011
5012
5013
5013
5015
5017
5018
5020
5021
5021
5022
5023
5024
5025
5025
5025
5026
5026
5028
5029
5029
5029
5030
5032
5032
5035
5035
5036
5037
5037
5038
5039
5039
5039
5040
5040
5041
5041
5041
5042
5042
5043
5044
5045
5046
5047
5047
5047
5049
5049
5050
5050
5050
5051
5051
5051
5051
5053
5054
5055
5056
5057
5058
5058
5058
5060
5062
5063
5064
5064
5066
5066
5067
5067
5069
5072
5073
5074
5074
5077
5077
5078
5078
5080
5080
5083
5084
5086
5086
5086
5089
5089
5090
5090
5094
5096
5097
5097
5097
5097
5099
5100
5104
5106
5109
5109
5109
5110
5110
5112
5112
5115
5116
5116
5117
5117
5117
5117
5117
5119
5119
5120
5121
5121
5122
5125
5128
5131
5132
5133
5135
5137
5139
5139
5139
5140
5141
5142
5144
5145
5147
5147
5147
5147
5148
5149
5149
5150
5150
5152
5153
5155
5156
5156
5158
5158
5159
5160
5160
5162
5166
5166
5167
5167
5168
5169
5170
5171
5171
5174
5175
5175
5178
5178
5181
5181
5184
5185
5186
5187
5187
5188
5189
5189
5193
5194
5194
5195
5195
5197
5198
5199
5199
5200
5200
5200
5200
5203
5203
5205
5206
5207
5208
5211
5211
5213
5213
5213
5214
5214
5214
5216
5219
5219
5219
5220
5223
5223
5224
5225
5225
5225
5225
5226
5226
5226
5229
5231
5232
5232
5233
5234
5236
5240
5241
5241
5241
5241
5242
5242
5242
5243
5243
5243
5244
5246
5248
5248
5248
5249
5249
5250
5250
5251
5252
5253
5253
5253
5254
5256
5257
5260
5263
5265
5267
5269
5269
5269
5271
5271
5272
5272
5273
5273
5274
5275
5275
5275
5275
5276
5277
5280
5280
5281
5282
5282
5282
5286
5287
5289
5290
5291
5291
5293
5294
5294
5296
5297
5297
5300
5301
5301
5301
5301
5302
5306
5307
5307
5308
5309
5309
5309
5311
5312
5315
5317
5318
5318
5319
5319
5321
5323
5324
5325
5325
5325
5326
5326
5327
5328
5329
5329
5329
5330
5331
5332
5332
5333
5335
5338
5340
5343
5344
5347
5349
5349
5351
5353
5353
5353
5354
5354
5355
5355
5355
5356
5356
5358
5359
5360
5360
5361
5361
5365
5367
5367
5367
5368
5369
5370
5372
5373
5374
5375
5375
5376
5377
5379
5379
5380
5380
5381
5383
5383
5384
5384
5385
5385
5386
5387
5387
5387
5387
5388
5389
5390
5390
5394
5395
5403
5403
5404
5404
5406
5406
5407
5408
5410
5411
5413
5413
5414
5414
5415
5417
5417
5420
5420
5420
5420
5423
5423
5424
5424
5425
5425
5425
5426
5427
5428
5428
5428
5431
5432
5433
5433
5434
5436
5438
5440
5442
5443
5444
5444
5446
5446
5447
5448
5449
5451
5453
5453
5454
5455
5455
5457
5458
5459
5460
5460
5461
5461
5464
5464
5466
5467
5467
5470
5470
5471
5471
5471
5472
5474
5474
5474
5475
5477
5478
5479
5480
5480
5482
5482
5484
5490
5491
5491
5492
5493
5493
5494
5495
5495
5495
5496
5497
5497
5500
5501
5501
5502
5502
5503
5504
5505
5507
5508
5508
5508
5508
5511
5511
5515
5516
5520
5520
5521
5522
5526
5526
5526
5526
5527
5528
5528
5529
5530
5530
5530
5531
5531
5533
5535
5535
5537
5537
5537
5538
5539
5540
5542
5544
5547
5547
5548
5548
5548
5549
5549
5551
5553
5556
5558
5560
5562
5563
5563
5564
5564
5564
5567
5568
5570
5570
5570
5571
5572
5573
5574
5577
5577
5577
5579
5579
5579
5580
5580
5583
5584
5585
5586
5588
5588
5590
5590
5593
5595
5598
5598
5599
5599
5599
5603
5604
5605
5607
5608
5608
5609
5609
5609
5612
5613
5614
5617
5618
5619
5619
5620
5621
5621
5621
5623
5623
5624
5625
5625
5627
5628
5629
5629
5630
5631
5632
5632
5634
5635
5638
5639
5641
5644
5645
5646
5646
5647
5648
5651
5651
5652
5653
5655
5656
5659
5659
5667
5667
5668
5668
5669
5670
5672
5673
5673
5674
5674
5677
5677
5679
5680
5680
5682
5682
5683
5684
5686
5686
5687
5687
5688
5689
5689
5690
5690
5692
5694
5695
5696
5697
5698
5699
5702
5702
5703
5703
5704
5706
5707
5707
5707
5709
5709
5710
5711
5711
5713
5715
5715
5716
5717
5719
5720
5722
5722
5723
5723
5723
5723
5724
5724
5724
5726
5726
5728
5733
5733
5736
5736
5736
5738
5739
5740
5742
5742
5743
5744
5745
5747
5748
5749
5753
5754
5756
5758
5759
5759
5759
5762
5762
5762
5763
5764
5764
5765
5766
5767
5767
5768
5768
5770
5772
5775
5777
5777
5778
5779
5780
5781
5781
5783
5784
5786
5787
5787
5789
5789
5790
5790
5791
5791
5792
5793
5793
5793
5794
5795
5795
5796
5796
5798
5799
5800
5801
5802
5806
5810
5810
5811
5811
5811
5813
5816
5816
5816
5817
5820
5820
5820
5820
5825
5825
5826
5826
5827
5827
5828
5831
5832
5836
5837
5839
5841
5842
5843
5843
5844
5846
5846
5847
5848
5848
5848
5849
5851
5851
5852
5853
5853
5854
5856
5857
5857
5858
5858
5859
5859
5860
5861
5862
5862
5863
5863
5863
5864
5864
5864
5865
5867
5868
5869
5869
5870
5870
5870
5870
5871
5871
5871
5871
5872
5872
5874
5876
5877
5882
5885
5886
5886
5887
5888
5888
5889
5889
5890
5890
5890
5892
5893
5894
5895
5895
5896
5896
5896
5896
5897
5898
5900
5900
5902
5906
5906
5906
5907
5909
5911
5911
5911
5913
5913
5913
5915
5918
5919
5920
5920
5921
5926
5928
5929
5929
5930
5930
5930
5931
5932
5932
5932
5936
5936
5938
5939
5939
5941
5941
5942
5942
5944
5944
5944
5950
5950
5951
5951
5952
5953
5954
5957
5957
5958
5959
5959
5959
5960
5961
5961
5963
5964
5964
5966
5966
5966
5967
5967
5968
5970
5970
5972
5972
5972
5973
5975
5975
5977
5978
5978
5981
5982
5983
5984
5984
5984
5984
5985
5987
5987
5988
5988
5988
5988
5989
5991
5992
5994
5994
5995
5995
5996
5998
5998
6000
6000
6000
6001
6002
6003
6007
6007
6007
6008
6008
6008
6009
6009
6010
6011
6011
6011
6012
6012
6015
6019
6020
6021
6022
6023
6023
6023
6024
6024
6025
6027
6028
6029
6033
6036
6036
6037
6038
6039
6042
6043
6047
6049
6049
6050
6051
6052
6054
6054
6054
6056
6056
6057
6062
6062
6064
6064
6068
6068
6069
6069
6070
6070
6071
6071
6072
6072
6072
6072
6074
6074
6078
6079
6079
6080
6081
6081
6082
6082
6082
6083
6083
6083
6084
6088
6093
6094
6095
6097
6098
6099
6099
6100
6100
6100
6101
6102
6103
6103
6104
6104
6104
6104
6105
6106
6107
6108
6108
6108
6109
6109
6111
6112
6114
6117
6120
6122
6123
6124
6124
6124
6125
6126
6127
6127
6129
6130
6131
6131
6132
6132
6132
6133
6134
6135
6135
6138
6139
6140
6140
6141
6142
6143
6143
6144
6144
6146
6146
6149
6149
6150
6150
6150
6151
6152
6153
6153
6155
6155
6156
6156
6156
6158
6160
6161
6164
6164
6165
6166
6167
6168
6169
6170
6171
6171
6172
6173
6173
6174
6174
6174
6175
6176
6176
6177
6179
6179
6179
6179
6181
6182
6183
6183
6184
6184
6184
6185
6186
6186
6187
6188
6190
6191
6191
6192
6192
6192
6195
6195
6195
6196
6198
6199
6200
6201
6201
6202
6203
6203
6204
6204
6204
6205
6207
6207
6210
6211
6211
6214
6216
6216
6216
6217
6218
6218
6218
6219
6220
6223
6223
6223
6224
6224
6225
6226
6228
6230
6230
6231
6231
6231
6233
6235
6235
6235
6236
6236
6238
6239
6239
6241
6241
6244
6244
6244
6245
6246
6247
6247
6249
6250
6251
6251
6252
6252
6252
6253
6254
6257
6258
6258
6259
6259
6259
6260
6260
6260
6261
6261
6261
6262
6263
6263
6264
6266
6267
6269
6269
6271
6273
6273
6273
6274
6274
6276
6276
6277
6278
6279
6279
6281
6282
6283
6285
6286
6287
6288
6289
6289
6290
6290
6291
6292
6292
6294
6295
6295
6297
6299
6299
6300
6300
6301
6301
6302
6303
6304
6304
6305
6306
6307
6309
6310
6313
6314
6314
6315
6316
6316
6316
6317
6318
6318
6318
6319
6319
6319
6320
6322
6322
6322
6322
6323
6323
6324
6326
6326
6327
6329
6329
6330
6330
6333
6334
6334
6335
6335
6337
6337
6337
6339
6340
6343
6343
6345
6346
6349
6349
6349
6350
6351
6354
6357
6360
6360
6362
6364
6365
6365
6367
6371
6372
6372
6373
6376
6378
6378
6379
6382
6382
6382
6383
6385
6385
6387
6388
6389
6390
6392
6395
6396
6396
6397
6398
6401
6404
6404
6404
6404
6405
6407
6407
6408
6409
6409
6409
6412
6413
6414
6414
6415
6415
6415
6417
6417
6418
6419
6419
6420
6421
6422
6426
6426
6426
6427
6428
6429
6430
6432
6432
6432
6433
6433
6435
6437
6439
6439
6441
6441
6441
6442
6442
6444
6446
6446
6449
6450
6450
6450
6452
6452
6452
6452
6454
6455
6457
6459
6460
6460
6463
6463
6463
6463
6464
6464
6464
6464
6465
6468
6469
6469
6470
6472
6473
6474
6475
6476
6476
6476
6477
6478
6479
6479
6479
6480
6481
6483
6483
6483
6485
6488
6490
6490
6491
6492
6492
6494
6495
6495
6496
6497
6498
6498
6498
6498
6499
6500
6503
6506
6507
6508
6510
6511
6514
6515
6518
6518
6518
6519
6519
6520
6520
6520
6521
6522
6522
6522
6523
6526
6527
6528
6528
6529
6529
6530
6530
6531
6532
6534
6535
6535
6536
6538
6539
6539
6541
6541
6541
6542
6543
6545
6545
6546
6548
6549
6550
6553
6560
6560
6560
6562
6562
6563
6565
6568
6568
6570
6571
6572
6572
6575
6575
6575
6576
6577
6577
6578
6578
6579
6581
6582
6585
6585
6586
6586
6588
6589
6590
6591
6594
6595
6595
6596
6596
6596
6598
6598
6601
6603
6604
6605
6607
6608
6608
6611
6611
6611
6612
6613
6615
6615
6616
6616
6618
6618
6619
6624
6624
6624
6626
6627
6627
6627
6631
6632
6632
6634
6637
6641
6641
6642
6643
6645
6646
6647
6649
6649
6651
6653
6653
6655
6655
6657
6658
6659
6660
6660
6661
6661
6661
6661
6661
6663
6664
6665
6668
6668
6668
6669
6670
6670
6671
6672
6673
6673
6674
6674
6676
6678
6680
6680
6681
6682
6684
6684
6684
6684
6685
6685
6688
6688
6688
6689
6690
6692
6692
6692
6693
6694
6695
6697
6699
6700
6700
6701
6701
6702
6703
6703
6705
6709
6711
6712
6715
6717
6717
6718
6719
6719
6720
6721
6721
6721
6723
6725
6727
6730
6732
6732
6733
6734
6734
6734
6735
6736
6737
6738
6738
6738
6739
6740
6742
6742
6742
6742
6743
6748
6751
6751
6752
6755
6758
6758
6759
6760
6761
6763
6763
6763
6763
6764
6765
6767
6768
6769
6770
6770
6771
6771
6771
6773
6774
6774
6775
6776
6777
6777
6777
6777
6779
6779
6779
6781
6781
6782
6783
6784
6785
6786
6786
6786
6789
6789
6791
6792
6792
6795
6795
6796
6796
6797
6797
6798
6798
6799
6799
6800
6800
6800
6800
6801
6802
6803
6803
6803
6804
6805
6805
6807
6808
6808
6809
6810
6812
6814
6814
6814
6814
6814
6815
6815
6817
6818
6818
6822
6822
6822
6828
6828
6830
6831
6831
6832
6833
6834
6834
6835
6835
6837
6837
6837
6838
6838
6838
6838
6841
6842
6842
6843
6844
6845
6846
6846
6846
6846
6846
6848
6848
6849
6850
6851
6858
6859
6859
6859
6861
6863
6863
6865
6867
6867
6867
6871
6874
6874
6875
6877
6880
6880
6880
6881
6882
6882
6884
6884
6885
6885
6885
6888
6890
6891
6891
6892
6894
6895
6895
6896
6896
6897
6898
6899
6902
6904
6904
6907
6908
6908
6910
6912
6914
6916
6916
6917
6917
6918
6919
6920
6922
6924
6924
6925
6927
6927
6928
6928
6929
6929
6929
6930
6931
6932
6933
6934
6935
6937
6938
6938
6938
6938
6939
6939
6939
6939
6940
6940
6941
6942
6942
6943
6945
6953
6955
6956
6958
6959
6959
6960
6960
6960
6961
6963
6965
6968
6972
6972
6975
6975
6975
6976
6977
6978
6978
6978
6979
6979
6980
6980
6981
6982
6982
6982
6984
6984
6985
6988
6989
6990
6991
6992
6992
6993
6996
6997
6997
6998
7001
7002
7002
7003
7003
7004
7006
7006
7007
7008
7008
7009
7009
7009
7010
7010
7011
7011
7012
7013
7013
7013
7014
7014
7015
7016
7018
7018
7018
7020
7020
7021
7022
7022
7025
7026
7027
7028
7028
7028
7029
7029
7030
7030
7031
7031
7032
7037
7037
7038
7038
7039
7040
7040
7040
7041
7044
7045
7045
7047
7050
7051
7052
7052
7053
7056
7056
7056
7061
7061
7062
7063
7064
7064
7065
7066
7067
7067
7070
7070
7071
7073
7073
7074
7075
7075
7076
7076
7077
7077
7078
7078
7079
7079
7079
7081
7081
7082
7083
7086
7086
7087
7087
7087
7088
7089
7089
7089
7090
7092
7093
7095
7095
7097
7098
7100
7101
7102
7102
7103
7104
7105
7106
7107
7107
7108
7108
7109
7111
7111
7112
7113
7114
7115
7115
7118
7119
7121
7122
7123
7124
7125
7125
7126
7127
7128
7128
7129
7130
7130
7131
7132
7132
7133
7134
7137
7138
7140
7141
7141
7141
7144
7145
7146
7147
7148
7150
7150
7151
7151
7151
7152
7153
7154
7155
7156
7157
7157
7157
7157
7157
7160
7160
7160
7160
7161
7161
7162
7163
7163
7165
7165
7166
7166
7166
7166
7169
7170
7171
7172
7173
7174
7174
7175
7178
7178
7179
7183
7184
7185
7187
7188
7188
7188
7188
7190
7191
7191
7191
7191
7192
7192
7193
7194
7195
7195
7196
7196
7201
7202
7203
7205
7205
7206
7207
7207
7207
7209
7211
7212
7212
7212
7213
7216
7217
7218
7218
7219
7220
7220
7221
7222
7222
7224
7225
7226
7228
7228
7228
7229
7231
7232
7233
7234
7235
7236
7237
7239
7242
7243
7243
7244
7246
7246
7247
7248
7248
7248
7249
7249
7250
7251
7253
7255
7255
7256
7257
7259
7259
7260
7262
7262
7267
7268
7268
7268
7268
7269
7269
7270
7272
7272
7272
7273
7274
7274
7275
7276
7278
7278
7279
7279
7282
7283
7284
7284
7285
7287
7288
7289
7289
7290
7291
7291
7291
7292
7292
7292
7293
7294
7294
7295
7296
7296
7297
7300
7303
7303
7305
7307
7307
7307
7308
7308
7309
7309
7310
7311
7313
7314
7314
7316
7317
7318
7319
7320
7321
7323
7323
7323
7324
7325
7326
7327
7328
7328
7329
7329
7330
7330
7331
7331
7334
7335
7336
7337
7338
7340
7341
7342
7346
7348
7348
7349
7351
7352
7356
7357
7357
7360
7361
7362
7364
7364
7364
7365
7366
7368
7368
7368
7369
7370
7372
7373
7374
7374
7374
7375
7378
7380
7383
7384
7385
7386
7386
7387
7387
7388
7389
7392
7392
7393
7394
7394
7396
7398
7399
7400
7400
7401
7401
7402
7403
7403
7404
7405
7408
7409
7414
7414
7415
7417
7419
7419
7422
7423
7424
7427
7428
7430
7433
7435
7436
7436
7436
7438
7438
7439
7439
7439
7439
7441
7442
7447
7450
7451
7452
7453
7454
7455
7458
7459
7459
7459
7461
7461
7461
7461
7461
7462
7464
7465
7465
7467
7468
7468
7468
7468
7471
7472
7473
7478
7479
7480
7480
7481
7482
7484
7484
7485
7486
7486
7488
7489
7490
7490
7491
7492
7494
7495
7496
7497
7497
7498
7500
7500
7501
7501
7503
7507
7508
7508
7509
7510
7512
7512
7514
7515
7516
7516
7517
7518
7518
7518
7520
7520
7522
7522
7523
7525
7526
7526
7529
7530
7531
7533
7536
7536
7537
7539
7541
7545
7546
7546
7548
7553
7555
7559
7560
7560
7561
7561
7562
7562
7563
7564
7566
7566
7569
7569
7569
7570
7571
7571
7572
7574
7574
7575
7575
7578
7579
7580
7580
7582
7583
7583
7584
7584
7587
7587
7588
7589
7590
7590
7591
7591
7593
7593
7594
7594
7595
7597
7597
7597
7598
7603
7605
7605
7606
7607
7607
7607
7609
7609
7610
7612
7612
7612
7612
7615
7619
7619
7620
7621
7621
7621
7623
7624
7624
7624
7625
7626
7627
7628
7628
7629
7630
7630
7631
7633
7633
7634
7634
7634
7635
7636
7636
7637
7637
7639
7640
7641
7644
7645
7645
7645
7647
7647
7648
7648
7650
7650
7653
7655
7655
7657
7659
7659
7659
7660
7665
7665
7666
7667
7667
7668
7669
7670
7670
7670
7672
7672
7672
7674
7674
7674
7674
7674
7675
7675
7678
7678
7680
7680
7680
7682
7683
7683
7685
7688
7692
7693
7696
7698
7698
7698
7702
7703
7703
7706
7706
7707
7707
7707
7707
7708
7709
7709
7709
7710
7710
7712
7712
7714
7715
7716
7716
7718
7718
7719
7721
7722
7723
7723
7723
7724
7724
7725
7730
7730
7731
7734
7734
7736
7738
7740
7743
7743
7745
7746
7747
7748
7749
7750
7750
7751
7752
7752
7753
7753
7754
7754
7755
7756
7757
7759
7760
7760
7760
7761
7762
7762
7763
7766
7766
7767
7768
7769
7771
7773
7775
7776
7777
7779
7779
7783
7784
7785
7785
7786
7786
7787
7787
7788
7789
7790
7790
7792
7793
7794
7794
7795
7795
7795
7797
7798
7798
7801
7803
7804
7804
7813
7815
7816
7816
7817
7817
7821
7822
7822
7825
7826
7826
7826
7827
7827
7827
7828
7828
7829
7829
7829
7829
7830
7831
7832
7834
7836
7837
7839
7839
7841
7841
7841
7842
7842
7843
7843
7843
7845
7846
7846
7847
7847
7849
7850
7850
7851
7851
7854
7855
7856
7857
7859
7859
7859
7859
7860
7862
7863
7863
7864
7864
7866
7867
7869
7870
7871
7871
7875
7876
7878
7880
7880
7885
7886
7888
7888
7889
7889
7890
7895
7896
7897
7899
7899
7899
7899
7899
7900
7900
7904
7904
7904
7905
7905
7905
7906
7907
7908
7910
7911
7913
7913
7915
7917
7918
7921
7921
7922
7922
7923
7926
7928
7929
7929
7929
7929
7931
7932
7932
7933
7933
7934
7938
7939
7939
7940
7941
7941
7941
7942
7944
7944
7944
7945
7945
7945
7945
7949
7951
7951
7952
7953
7953
7955
7956
7957
7957
7959
7960
7960
7960
7961
7962
7962
7964
7964
7966
7967
7970
7970
7973
7975
7975
7978
7978
7978
7979
7982
7983
7983
7984
7984
7985
7986
7988
7989
7989
7989
7990
7991
7992
7993
7993
7993
7996
7996
7997
7997
7998
7999
8000
8000
8000
8000
8000
8001
8003
8003
8005
8005
8006
8007
8010
8010
8011
8012
8018
8018
8019
8020
8020
8020
8021
8022
8023
8023
8023
8023
8025
8026
8028
8029
8029
8031
8031
8031
8032
8032
8032
8032
8032
8035
8035
8039
8041
8041
8042
8042
8043
8043
8044
8044
8044
8046
8046
8046
8048
8049
8050
8053
8054
8055
8057
8060
8060
8062
8062
8062
8063
8064
8065
8066
8066
8067
8067
8071
8072
8072
8072
8073
8077
8079
8085
8087
8087
8088
8090
8090
8091
8091
8095
8098
8099
8099
8099
8103
8103
8104
8107
8109
8109
8110
8115
8116
8117
8117
8118
8121
8123
8123
8124
8124
8125
8126
8128
8128
8131
8134
8135
8136
8138
8141
8142
8142
8143
8143
8144
8146
8146
8146
8147
8150
8152
8153
8155
8155
8156
8157
8157
8157
8158
8159
8160
8161
8162
8168
8168
8170
8170
8170
8170
8173
8173
8175
8178
8178
8180
8180
8182
8182
8183
8184
8184
8185
8186
8187
8187
8189
8190
8191
8192
8192
8195
8195
8196
8197
8199
8200
8200
8200
8200
8200
8201
8202
8204
8205
8205
8207
8210
8213
8213
8214
8214
8215
8216
8216
8216
8217
8218
8218
8222
8222
8222
8225
8227
8227
8229
8230
8231
8231
8232
8234
8235
8237
8238
8238
8239
8240
8242
8243
8243
8243
8243
8244
8247
8247
8248
8248
8249
8254
8254
8255
8255
8256
8258
8259
8259
8260
8260
8261
8261
8263
8264
8266
8267
8267
8267
8268
8268
8268
8269
8271
8271
8271
8272
8272
8272
8275
8276
8277
8277
8277
8277
8277
8281
8282
8283
8283
8283
8283
8286
8287
8289
8289
8289
8290
8290
8291
8291
8292
8292
8293
8295
8295
8296
8297
8297
8298
8298
8299
8300
8302
8303
8306
8307
8307
8308
8311
8311
8311
8313
8316
8319
8320
8322
8323
8325
8326
8330
8330
8331
8332
8333
8334
8335
8336
8337
8337
8338
8339
8340
8340
8341
8342
8342
8343
8346
8346
8346
8348
8349
8350
8350
8351
8352
8352
8352
8353
8353
8356
8356
8356
8356
8358
8360
8360
8360
8361
8361
8363
8363
8363
8364
8364
8364
8366
8367
8367
8368
8370
8370
8372
8373
8373
8373
8374
8374
8375
8378
8379
8379
8379
8382
8385
8386
8387
8388
8391
8392
8393
8393
8394
8396
8398
8399
8399
8400
8401
8404
8404
8405
8406
8407
8409
8409
8409
8410
8410
8411
8412
8413
8414
8415
8417
8418
8418
8419
8420
8420
8420
8421
8422
8422
8422
8423
8423
8424
8424
8425
8427
8428
8428
8428
8431
8431
8432
8434
8435
8436
8436
8437
8437
8440
8445
8445
8447
8448
8449
8451
8452
8452
8453
8454
8456
8457
8461
8461
8461
8464
8465
8466
8468
8470
8470
8470
8473
8473
8474
8477
8477
8477
8478
8482
8482
8482
8483
8483
8484
8486
8487
8487
8488
8489
8491
8494
8494
8494
8497
8497
8498
8498
8498
8499
8501
8502
8504
8505
8505
8505
8505
8506
8506
8507
8507
8509
8509
8509
8511
8512
8512
8515
8517
8519
8519
8522
8526
8527
8527
8528
8528
8531
8531
8532
8535
8536
8536
8537
8540
8542
8543
8544
8544
8544
8545
8545
8547
8548
8548
8549
8549
8550
8551
8554
8554
8555
8555
8556
8557
8557
8558
8562
8562
8564
8565
8565
8566
8566
8567
8567
8568
8568
8569
8571
8572
8574
8576
8576
8576
8579
8580
8584
8587
8588
8588
8588
8588
8589
8590
8591
8591
8593
8593
8594
8594
8595
8598
8598
8603
8604
8604
8604
8609
8610
8611
8615
8616
8616
8619
8621
8621
8621
8622
8623
8625
8630
8630
8633
8633
8635
8637
8640
8644
8644
8645
8645
8649
8649
8651
8651
8652
8653
8656
8657
8658
8658
8659
8663
8664
8664
8664
8664
8665
8666
8668
8668
8669
8671
8671
8672
8673
8679
8679
8681
8681
8681
8681
8682
8682
8682
8682
8683
8683
8683
8684
8685
8685
8687
8688
8688
8689
8689
8691
8691
8691
8691
8694
8695
8695
8695
8696
8696
8697
8698
8699
8699
8699
8699
8700
8702
8703
8703
8704
8704
8706
8707
8709
8709
8710
8711
8712
8713
8713
8714
8715
8716
8717
8718
8719
8719
8721
8722
8722
8722
8723
8724
8725
8725
8726
8727
8727
8727
8729
8730
8730
8733
8734
8736
8739
8740
8740
8741
8741
8742
8743
8744
8744
8745
8745
8745
8746
8746
8747
8748
8748
8748
8748
8749
8750
8751
8752
8753
8753
8754
8754
8755
8755
8756
8757
8758
8758
8759
8760
8764
8764
8765
8766
8767
8769
8769
8770
8770
8770
8771
8773
8774
8775
8776
8777
8778
8781
8782
8782
8783
8784
8784
8784
8784
8784
8785
8786
8787
8787
8788
8791
8792
8792
8795
8796
8797
8799
8800
8803
8803
8803
8804
8806
8807
8808
8808
8808
8809
8811
8812
8813
8813
8814
8816
8816
8816
8817
8817
8819
8822
8823
8825
8827
8828
8829
8830
8831
8832
8832
8834
8834
8834
8837
8839
8841
8843
8844
8846
8846
8847
8848
8849
8849
8849
8851
8851
8852
8852
8853
8854
8854
8855
8856
8858
8858
8859
8860
8861
8862
8862
8865
8865
8865
8867
8867
8868
8868
8869
8870
8871
8871
8873
8874
8875
8876
8876
8876
8877
8880
8880
8880
8883
8883
8883
8885
8886
8887
8889
8889
8891
8893
8893
8896
8896
8896
8896
8897
8897
8900
8900
8900
8901
8901
8902
8903
8903
8904
8904
8906
8910
8910
8911
8912
8913
8913
8914
8916
8916
8916
8918
8920
8922
8922
8926
8927
8931
8932
8933
8934
8935
8937
8938
8938
8939
8940
8941
8944
8945
8945
8946
8946
8947
8947
8947
8948
8949
8950
8950
8956
8959
8961
8961
8962
8963
8964
8964
8965
8966
8968
8968
8968
8969
8971
8971
8972
8974
8975
8977
8978
8978
8980
8980
8981
8982
8982
8983
8984
8984
8984
8987
8988
8990
8990
8991
8992
8992
8992
8993
8993
8994
8994
8994
8996
8996
8998
8998
9000
9000
9002
9003
9003
9003
9004
9004
9005
9005
9005
9007
9010
9010
9010
9011
9012
9012
9013
9014
9015
9015
9018
9018
9019
9020
9022
9022
9024
9025
9026
9027
9028
9028
9029
9031
9033
9033
9037
9040
9042
9042
9043
9043
9044
9044
9045
9046
9049
9049
9053
9053
9053
9054
9054
9055
9057
9058
9058
9059
9061
9061
9061
9062
9063
9064
9067
9067
9069
9069
9070
9070
9071
9073
9073
9073
9075
9075
9075
9075
9076
9078
9080
9081
9084
9084
9084
9085
9088
9088
9089
9093
9094
9096
9097
9098
9098
9098
9102
9103
9104
9106
9106
9107
9108
9108
9109
9110
9116
9117
9118
9118
9118
9120
9120
9121
9121
9125
9127
9129
9130
9130
9130
9131
9132
9133
9135
9136
9136
9137
9138
9139
9140
9140
9144
9145
9148
9149
9149
9150
9152
9156
9158
9158
9160
9161
9163
9163
9164
9166
9167
9167
9169
9170
9170
9171
9171
9172
9175
9179
9179
9179
9180
9181
9182
9185
9190
9190
9193
9193
9195
9195
9197
9200
9200
9200
9200
9201
9202
9203
9203
9204
9205
9205
9206
9208
9208
9209
9211
9212
9213
9214
9216
9216
9217
9218
9218
9220
9221
9221
9221
9222
9223
9223
9224
9224
9225
9225
9227
9228
9228
9230
9233
9233
9234
9235
9235
9236
9238
9240
9240
9240
9241
9242
9242
9244
9244
9245
9246
9246
9247
9247
9249
9255
9255
9256
9258
9258
9258
9259
9261
9264
9265
9265
9268
9269
9269
9269
9274
9275
9277
9277
9277
9278
9280
9280
9281
9281
9282
9283
9283
9285
9285
9285
9285
9287
9287
9288
9289
9290
9293
9295
9296
9296
9296
9297
9298
9298
9300
9301
9304
9306
9308
9308
9309
9312
9313
9314
9314
9316
9316
9318
9320
9323
9325
9327
9327
9328
9329
9329
9331
9332
9332
9334
9334
9334
9335
9337
9337
9340
9341
9342
9342
9343
9346
9347
9348
9349
9350
9350
9351
9352
9355
9355
9355
9356
9357
9359
9361
9363
9364
9364
9365
9367
9367
9370
9370
9373
9374
9375
9375
9375
9376
9377
9379
9379
9383
9385
9386
9386
9387
9389
9390
9390
9392
9392
9393
9395
9395
9395
9395
9398
9400
9401
9402
9402
9404
9406
9407
9407
9408
9408
9409
9409
9410
9411
9412
9414
9417
9417
9417
9417
9417
9417
9419
9419
9420
9421
9422
9423
9423
9425
9426
9428
9429
9429
9431
9432
9432
9433
9434
9435
9437
9440
9441
9442
9443
9444
9446
9448
9448
9448
9449
9449
9449
9450
9450
9450
9451
9451
9452
9453
9455
9455
9457
9459
9460
9463
9463
9464
9466
9467
9468
9468
9469
9470
9471
9471
9472
9473
9473
9475
9476
9477
9478
9478
9479
9479
9479
9479
9480
9481
9482
9485
9486
9487
9488
9489
9489
9490
9491
9492
9492
9494
9495
9495
9497
9497
9499
9500
9502
9502
9503
9503
9503
9503
9503
9504
9505
9506
9506
9508
9508
9509
9510
9512
9515
9516
9516
9516
9517
9517
9517
9517
9520
9521
9521
9523
9524
9524
9525
9525
9526
9527
9528
9529
9533
9534
9535
9536
9537
9538
9539
9539
9540
9541
9541
9541
9541
9544
9544
9546
9547
9547
9547
9548
9550
9551
9552
9553
9555
9555
9556
9561
9562
9564
9564
9565
9569
9570
9571
9572
9572
9572
9574
9575
9577
9579
9581
9581
9582
9582
9582
9583
9587
9587
9588
9588
9590
9590
9593
9593
9595
9595
9596
9596
9596
9597
9597
9597
9598
9598
9598
9599
9599
9602
9603
9604
9605
9605
9605
9606
9607
9608
9610
9610
9610
9611
9611
9612
9612
9612
9613
9614
9614
9614
9616
9618
9618
9619
9620
9621
9621
9625
9628
9629
9630
9630
9631
9632
9632
9632
9634
9634
9635
9636
9636
9636
9638
9639
9640
9641
9642
9642
9643
9647
9649
9649
9650
9651
9651
9653
9653
9655
9657
9658
9661
9662
9664
9666
9670
9672
9675
9677
9677
9678
9678
9679
9680
9680
9680
9681
9681
9682
9683
9683
9684
9686
9686
9686
9686
9687
9687
9690
9691
9694
9695
9696
9697
9697
9698
9699
9699
9699
9699
9700
9700
9701
9702
9703
9704
9706
9709
9711
9711
9713
9713
9714
9715
9716
9717
9718
9718
9719
9720
9722
9724
9729
9729
9730
9730
9731
9732
9734
9734
9734
9734
9734
9734
9735
9735
9736
9736
9737
9737
9737
9738
9738
9739
9740
9741
9741
9742
9742
9742
9742
9743
9743
9744
9745
9746
9747
9748
9749
9749
9749
9750
9751
9753
9753
9754
9755
9755
9757
9758
9758
9759
9759
9759
9762
9764
9764
9764
9765
9765
9766
9767
9768
9768
9768
9770
9771
9772
9772
9772
9772
9775
9775
9775
9776
9777
9779
9780
9783
9784
9784
9786
9786
9790
9790
9791
9792
9793
9794
9794
9795
9795
9796
9796
9797
9797
9797
9798
9799
9799
9800
9800
9803
9803
9804
9805
9805
9806
9807
9807
9809
9809
9810
9810
9811
9812
9812
9816
9816
9819
9819
9819
9820
9821
9821
9822
9824
9825
9827
9827
9831
9831
9832
9833
9836
9839
9842
9842
9843
9844
9844
9848
9848
9850
9851
9851
9852
9852
9853
9855
9858
9861
9863
9863
9863
9864
9864
9866
9868
9870
9874
9876
9878
9879
9879
9880
9881
9881
9883
9883
9883
9884
9885
9886
9887
9889
9890
9890
9891
9892
9893
9894
9895
9895
9896
9896
9898
9900
9900
9902
9903
9904
9904
9906
9907
9910
9910
9911
9916
9917
9918
9918
9918
9919
9920
9921
9921
9923
9923
9924
9925
9927
9928
9928
9929
9930
9935
9938
9940
9942
9943
9944
9945
9945
9947
9948
9948
9949
9949
9951
9952
9952
9953
9957
9957
9958
9958
9958
9960
9960
9961
9962
9963
9964
9964
9965
9965
9965
9965
9967
9968
9968
9969
9970
9971
9971
9972
9973
9975
9978
9978
9982
9982
9982
9982
9983
9983
9983
9984
9985
9988
9989
9989
9991
9991
9991
9991
9992
9993
9995
9997
9998
9998
9999
9999
10000
10000
