10000
10000
9999
9999
9998
9998
9997
9995
9993
9992
9991
9991
9991
9991
9989
9989
9988
9985
9984
9983
9983
9983
9982
9982
9982
9982
9978
9978
9975
9973
9972
9971
9971
9970
9969
9968
9968
9967
9965
9965
9965
9965
9964
9964
9963
9962
9961
9960
9960
9958
9958
9958
9957
9957
9953
9952
9952
9951
9949
9949
9948
9948
9947
9945
9945
9944
9943
9942
9940
9938
9935
9930
9929
9928
9928
9927
9925
9924
9923
9923
9921
9921
9920
9919
9918
9918
9918
9917
9916
9911
9910
9910
9907
9906
9904
9904
9903
9902
9900
9900
9898
9896
9896
9895
9895
9894
9893
9892
9891
9890
9890
9889
9887
9886
9885
9884
9883
9883
9883
9881
9881
9880
9879
9879
9878
9876
9874
9870
9868
9866
9864
9864
9863
9863
9863
9861
9858
9855
9853
9852
9852
9851
9851
9850
9848
9848
9844
9844
9843
9842
9842
9839
9836
9833
9832
9831
9831
9827
9827
9825
9824
9822
9821
9821
9820
9819
9819
9819
9816
9816
9812
9812
9811
9810
9810
9809
9809
9807
9807
9806
9805
9805
9804
9803
9803
9800
9800
9799
9799
9798
9797
9797
9797
9796
9796
9795
9795
9794
9794
9793
9792
9791
9790
9790
9786
9786
9784
9784
9783
9780
9779
9777
9776
9775
9775
9775
9772
9772
9772
9772
9771
9770
9768
9768
9768
9767
9766
9765
9765
9764
9764
9764
9762
9759
9759
9759
9758
9758
9757
9755
9755
9754
9753
9753
9751
9750
9749
9749
9749
9748
9747
9746
9745
9744
9743
9743
9742
9742
9742
9742
9741
9741
9740
9739
9738
9738
9737
9737
9737
9736
9736
9735
9735
9734
9734
9734
9734
9734
9734
9732
9731
9730
9730
9729
9729
9724
9722
9720
9719
9718
9718
9717
9716
9715
9714
9713
9713
9711
9711
9709
9706
9704
9703
9702
9701
9700
9700
9699
9699
9699
9699
9698
9697
9697
9696
9695
9694
9691
9690
9687
9687
9686
9686
9686
9686
9684
9683
9683
9682
9681
9681
9680
9680
9680
9679
9678
9678
9677
9677
9675
9672
9670
9666
9664
9662
9661
9658
9657
9655
9653
9653
9651
9651
9650
9649
9649
9647
9643
9642
9642
9641
9640
9639
9638
9636
9636
9636
9635
9634
9634
9632
9632
9632
9631
9630
9630
9629
9628
9625
9621
9621
9620
9619
9618
9618
9616
9614
9614
9614
9613
9612
9612
9612
9611
9611
9610
9610
9610
9608
9607
9606
9605
9605
9605
9604
9603
9602
9599
9599
9598
9598
9598
9597
9597
9597
9596
9596
9596
9595
9595
9593
9593
9590
9590
9588
9588
9587
9587
9583
9582
9582
9582
9581
9581
9579
9577
9575
9574
9572
9572
9572
9571
9570
9569
9565
9564
9564
9562
9561
9556
9555
9555
9553
9552
9551
9550
9548
9547
9547
9547
9546
9544
9544
9541
9541
9541
9541
9540
9539
9539
9538
9537
9536
9535
9534
9533
9529
9528
9527
9526
9525
9525
9524
9524
9523
9521
9521
9520
9517
9517
9517
9517
9516
9516
9516
9515
9512
9510
9509
9508
9508
9506
9506
9505
9504
9503
9503
9503
9503
9503
9502
9502
9500
9499
9497
9497
9495
9495
9494
9492
9492
9491
9490
9489
9489
9488
9487
9486
9485
9482
9481
9480
9479
9479
9479
9479
9478
9478
9477
9476
9475
9473
9473
9472
9471
9471
9470
9469
9468
9468
9467
9466
9464
9463
9463
9460
9459
9457
9455
9455
9453
9452
9451
9451
9450
9450
9450
9449
9449
9449
9448
9448
9448
9446
9444
9443
9442
9441
9440
9437
9435
9434
9433
9432
9432
9431
9429
9429
9428
9426
9425
9423
9423
9422
9421
9420
9419
9419
9417
9417
9417
9417
9417
9417
9414
9412
9411
9410
9409
9409
9408
9408
9407
9407
9406
9404
9402
9402
9401
9400
9398
9395
9395
9395
9395
9393
9392
9392
9390
9390
9389
9387
9386
9386
9385
9383
9379
9379
9377
9376
9375
9375
9375
9374
9373
9370
9370
9367
9367
9365
9364
9364
9363
9361
9359
9357
9356
9355
9355
9355
9352
9351
9350
9350
9349
9348
9347
9346
9343
9342
9342
9341
9340
9337
9337
9335
9334
9334
9334
9332
9332
9331
9329
9329
9328
9327
9327
9325
9323
9320
9318
9316
9316
9314
9314
9313
9312
9309
9308
9308
9306
9304
9301
9300
9298
9298
9297
9296
9296
9296
9295
9293
9290
9289
9288
9287
9287
9285
9285
9285
9285
9283
9283
9282
9281
9281
9280
9280
9278
9277
9277
9277
9275
9274
9269
9269
9269
9268
9265
9265
9264
9261
9259
9258
9258
9258
9256
9255
9255
9249
9247
9247
9246
9246
9245
9244
9244
9242
9242
9241
9240
9240
9240
9238
9236
9235
9235
9234
9233
9233
9230
9228
9228
9227
9225
9225
9224
9224
9223
9223
9222
9221
9221
9221
9220
9218
9218
9217
9216
9216
9214
9213
9212
9211
9209
9208
9208
9206
9205
9205
9204
9203
9203
9202
9201
9200
9200
9200
9200
9197
9195
9195
9193
9193
9190
9190
9185
9182
9181
9180
9179
9179
9179
9175
9172
9171
9171
9170
9170
9169
9167
9167
9166
9164
9163
9163
9161
9160
9158
9158
9156
9152
9150
9149
9149
9148
9145
9144
9140
9140
9139
9138
9137
9136
9136
9135
9133
9132
9131
9130
9130
9130
9129
9127
9125
9121
9121
9120
9120
9118
9118
9118
9117
9116
9110
9109
9108
9108
9107
9106
9106
9104
9103
9102
9098
9098
9098
9097
9096
9094
9093
9089
9088
9088
9085
9084
9084
9084
9081
9080
9078
9076
9075
9075
9075
9075
9073
9073
9073
9071
9070
9070
9069
9069
9067
9067
9064
9063
9062
9061
9061
9061
9059
9058
9058
9057
9055
9054
9054
9053
9053
9053
9049
9049
9046
9045
9044
9044
9043
9043
9042
9042
9040
9037
9033
9033
9031
9029
9028
9028
9027
9026
9025
9024
9022
9022
9020
9019
9018
9018
9015
9015
9014
9013
9012
9012
9011
9010
9010
9010
9007
9005
9005
9005
9004
9004
9003
9003
9003
9002
9000
9000
8998
8998
8996
8996
8994
8994
8994
8993
8993
8992
8992
8992
8991
8990
8990
8988
8987
8984
8984
8984
8983
8982
8982
8981
8980
8980
8978
8978
8977
8975
8974
8972
8971
8971
8969
8968
8968
8968
8966
8965
8964
8964
8963
8962
8961
8961
8959
8956
8950
8950
8949
8948
8947
8947
8947
8946
8946
8945
8945
8944
8941
8940
8939
8938
8938
8937
8935
8934
8933
8932
8931
8927
8926
8922
8922
8920
8918
8916
8916
8916
8914
8913
8913
8912
8911
8910
8910
8906
8904
8904
8903
8903
8902
8901
8901
8900
8900
8900
8897
8897
8896
8896
8896
8896
8893
8893
8891
8889
8889
8887
8886
8885
8883
8883
8883
8880
8880
8880
8877
8876
8876
8876
8875
8874
8873
8871
8871
8870
8869
8868
8868
8867
8867
8865
8865
8865
8862
8862
8861
8860
8859
8858
8858
8856
8855
8854
8854
8853
8852
8852
8851
8851
8849
8849
8849
8848
8847
8846
8846
8844
8843
8841
8839
8837
8834
8834
8834
8832
8832
8831
8830
8829
8828
8827
8825
8823
8822
8819
8817
8817
8816
8816
8816
8814
8813
8813
8812
8811
8809
8808
8808
8808
8807
8806
8804
8803
8803
8803
8800
8799
8797
8796
8795
8792
8792
8791
8788
8787
8787
8786
8785
8784
8784
8784
8784
8784
8783
8782
8782
8781
8778
8777
8776
8775
8774
8773
8771
8770
8770
8770
8769
8769
8767
8766
8765
8764
8764
8760
8759
8758
8758
8757
8756
8755
8755
8754
8754
8753
8753
8752
8751
8750
8749
8748
8748
8748
8748
8747
8746
8746
8745
8745
8745
8744
8744
8743
8742
8741
8741
8740
8740
8739
8736
8734
8733
8730
8730
8729
8727
8727
8727
8726
8725
8725
8724
8723
8722
8722
8722
8721
8719
8719
8718
8717
8716
8715
8714
8713
8713
8712
8711
8710
8709
8709
8707
8706
8704
8704
8703
8703
8702
8700
8699
8699
8699
8699
8698
8697
8696
8696
8695
8695
8695
8694
8691
8691
8691
8691
8689
8689
8688
8688
8687
8685
8685
8684
8683
8683
8683
8682
8682
8682
8682
8681
8681
8681
8681
8679
8679
8673
8672
8671
8671
8669
8668
8668
8666
8665
8664
8664
8664
8664
8663
8659
8658
8658
8657
8656
8653
8652
8651
8651
8649
8649
8645
8645
8644
8644
8640
8637
8635
8633
8633
8630
8630
8625
8623
8622
8621
8621
8621
8619
8616
8616
8615
8611
8610
8609
8604
8604
8604
8603
8598
8598
8595
8594
8594
8593
8593
8591
8591
8590
8589
8588
8588
8588
8588
8587
8584
8580
8579
8576
8576
8576
8574
8572
8571
8569
8568
8568
8567
8567
8566
8566
8565
8565
8564
8562
8562
8558
8557
8557
8556
8555
8555
8554
8554
8551
8550
8549
8549
8548
8548
8547
8545
8545
8544
8544
8544
8543
8542
8540
8537
8536
8536
8535
8532
8531
8531
8528
8528
8527
8527
8526
8522
8519
8519
8517
8515
8512
8512
8511
8509
8509
8509
8507
8507
8506
8506
8505
8505
8505
8505
8504
8502
8501
8499
8498
8498
8498
8497
8497
8494
8494
8494
8491
8489
8488
8487
8487
8486
8484
8483
8483
8482
8482
8482
8478
8477
8477
8477
8474
8473
8473
8470
8470
8470
8468
8466
8465
8464
8461
8461
8461
8457
8456
8454
8453
8452
8452
8451
8449
8448
8447
8445
8445
8440
8437
8437
8436
8436
8435
8434
8432
8431
8431
8428
8428
8428
8427
8425
8424
8424
8423
8423
8422
8422
8422
8421
8420
8420
8420
8419
8418
8418
8417
8415
8414
8413
8412
8411
8410
8410
8409
8409
8409
8407
8406
8405
8404
8404
8401
8400
8399
8399
8398
8396
8394
8393
8393
8392
8391
8388
8387
8386
8385
8382
8379
8379
8379
8378
8375
8374
8374
8373
8373
8373
8372
8370
8370
8368
8367
8367
8366
8364
8364
8364
8363
8363
8363
8361
8361
8360
8360
8360
8358
8356
8356
8356
8356
8353
8353
8352
8352
8352
8351
8350
8350
8349
8348
8346
8346
8346
8343
8342
8342
8341
8340
8340
8339
8338
8337
8337
8336
8335
8334
8333
8332
8331
8330
8330
8326
8325
8323
8322
8320
8319
8316
8313
8311
8311
8311
8308
8307
8307
8306
8303
8302
8300
8299
8298
8298
8297
8297
8296
8295
8295
8293
8292
8292
8291
8291
8290
8290
8289
8289
8289
8287
8286
8283
8283
8283
8283
8282
8281
8277
8277
8277
8277
8277
8276
8275
8272
8272
8272
8271
8271
8271
8269
8268
8268
8268
8267
8267
8267
8266
8264
8263
8261
8261
8260
8260
8259
8259
8258
8256
8255
8255
8254
8254
8249
8248
8248
8247
8247
8244
8243
8243
8243
8243
8242
8240
8239
8238
8238
8237
8235
8234
8232
8231
8231
8230
8229
8227
8227
8225
8222
8222
8222
8218
8218
8217
8216
8216
8216
8215
8214
8214
8213
8213
8210
8207
8205
8205
8204
8202
8201
8200
8200
8200
8200
8200
8199
8197
8196
8195
8195
8192
8192
8191
8190
8189
8187
8187
8186
8185
8184
8184
8183
8182
8182
8180
8180
8178
8178
8175
8173
8173
8170
8170
8170
8170
8168
8168
8162
8161
8160
8159
8158
8157
8157
8157
8156
8155
8155
8153
8152
8150
8147
8146
8146
8146
8144
8143
8143
8142
8142
8141
8138
8136
8135
8134
8131
8128
8128
8126
8125
8124
8124
8123
8123
8121
8118
8117
8117
8116
8115
8110
8109
8109
8107
8104
8103
8103
8099
8099
8099
8098
8095
8091
8091
8090
8090
8088
8087
8087
8085
8079
8077
8073
8072
8072
8072
8071
8067
8067
8066
8066
8065
8064
8063
8062
8062
8062
8060
8060
8057
8055
8054
8053
8050
8049
8048
8046
8046
8046
8044
8044
8044
8043
8043
8042
8042
8041
8041
8039
8035
8035
8032
8032
8032
8032
8032
8031
8031
8031
8029
8029
8028
8026
8025
8023
8023
8023
8023
8022
8021
8020
8020
8020
8019
8018
8018
8012
8011
8010
8010
8007
8006
8005
8005
8003
8003
8001
8000
8000
8000
8000
8000
7999
7998
7997
7997
7996
7996
7993
7993
7993
7992
7991
7990
7989
7989
7989
7988
7986
7985
7984
7984
7983
7983
7982
7979
7978
7978
7978
7975
7975
7973
7970
7970
7967
7966
7964
7964
7962
7962
7961
7960
7960
7960
7959
7957
7957
7956
7955
7953
7953
7952
7951
7951
7949
7945
7945
7945
7945
7944
7944
7944
7942
7941
7941
7941
7940
7939
7939
7938
7934
7933
7933
7932
7932
7931
7929
7929
7929
7929
7928
7926
7923
7922
7922
7921
7921
7918
7917
7915
7913
7913
7911
7910
7908
7907
7906
7905
7905
7905
7904
7904
7904
7900
7900
7899
7899
7899
7899
7899
7897
7896
7895
7890
7889
7889
7888
7888
7886
7885
7880
7880
7878
7876
7875
7871
7871
7870
7869
7867
7866
7864
7864
7863
7863
7862
7860
7859
7859
7859
7859
7857
7856
7855
7854
7851
7851
7850
7850
7849
7847
7847
7846
7846
7845
7843
7843
7843
7842
7842
7841
7841
7841
7839
7839
7837
7836
7834
7832
7831
7830
7829
7829
7829
7829
7828
7828
7827
7827
7827
7826
7826
7826
7825
7822
7822
7821
7817
7817
7816
7816
7815
7813
7804
7804
7803
7801
7798
7798
7797
7795
7795
7795
7794
7794
7793
7792
7790
7790
7789
7788
7787
7787
7786
7786
7785
7785
7784
7783
7779
7779
7777
7776
7775
7773
7771
7769
7768
7767
7766
7766
7763
7762
7762
7761
7760
7760
7760
7759
7757
7756
7755
7754
7754
7753
7753
7752
7752
7751
7750
7750
7749
7748
7747
7746
7745
7743
7743
7740
7738
7736
7734
7734
7731
7730
7730
7725
7724
7724
7723
7723
7723
7722
7721
7719
7718
7718
7716
7716
7715
7714
7712
7712
7710
7710
7709
7709
7709
7708
7707
7707
7707
7707
7706
7706
7703
7703
7702
7698
7698
7698
7696
7693
7692
7688
7685
7683
7683
7682
7680
7680
7680
7678
7678
7675
7675
7674
7674
7674
7674
7674
7672
7672
7672
7670
7670
7670
7669
7668
7667
7667
7666
7665
7665
7660
7659
7659
7659
7657
7655
7655
7653
7650
7650
7648
7648
7647
7647
7645
7645
7645
7644
7641
7640
7639
7637
7637
7636
7636
7635
7634
7634
7634
7633
7633
7631
7630
7630
7629
7628
7628
7627
7626
7625
7624
7624
7624
7623
7621
7621
7621
7620
7619
7619
7615
7612
7612
7612
7612
7610
7609
7609
7607
7607
7607
7606
7605
7605
7603
7598
7597
7597
7597
7595
7594
7594
7593
7593
7591
7591
7590
7590
7589
7588
7587
7587
7584
7584
7583
7583
7582
7580
7580
7579
7578
7575
7575
7574
7574
7572
7571
7571
7570
7569
7569
7569
7566
7566
7564
7563
7562
7562
7561
7561
7560
7560
7559
7555
7553
7548
7546
7546
7545
7541
7539
7537
7536
7536
7533
7531
7530
7529
7526
7526
7525
7523
7522
7522
7520
7520
7518
7518
7518
7517
7516
7516
7515
7514
7512
7512
7510
7509
7508
7508
7507
7503
7501
7501
7500
7500
7498
7497
7497
7496
7495
7494
7492
7491
7490
7490
7489
7488
7486
7486
7485
7484
7484
7482
7481
7480
7480
7479
7478
7473
7472
7471
7468
7468
7468
7468
7467
7465
7465
7464
7462
7461
7461
7461
7461
7461
7459
7459
7459
7458
7455
7454
7453
7452
7451
7450
7447
7442
7441
7439
7439
7439
7439
7438
7438
7436
7436
7436
7435
7433
7430
7428
7427
7424
7423
7422
7419
7419
7417
7415
7414
7414
7409
7408
7405
7404
7403
7403
7402
7401
7401
7400
7400
7399
7398
7396
7394
7394
7393
7392
7392
7389
7388
7387
7387
7386
7386
7385
7384
7383
7380
7378
7375
7374
7374
7374
7373
7372
7370
7369
7368
7368
7368
7366
7365
7364
7364
7364
7362
7361
7360
7357
7357
7356
7352
7351
7349
7348
7348
7346
7342
7341
7340
7338
7337
7336
7335
7334
7331
7331
7330
7330
7329
7329
7328
7328
7327
7326
7325
7324
7323
7323
7323
7321
7320
7319
7318
7317
7316
7314
7314
7313
7311
7310
7309
7309
7308
7308
7307
7307
7307
7305
7303
7303
7300
7297
7296
7296
7295
7294
7294
7293
7292
7292
7292
7291
7291
7291
7290
7289
7289
7288
7287
7285
7284
7284
7283
7282
7279
7279
7278
7278
7276
7275
7274
7274
7273
7272
7272
7272
7270
7269
7269
7268
7268
7268
7268
7267
7262
7262
7260
7259
7259
7257
7256
7255
7255
7253
7251
7250
7249
7249
7248
7248
7248
7247
7246
7246
7244
7243
7243
7242
7239
7237
7236
7235
7234
7233
7232
7231
7229
7228
7228
7228
7226
7225
7224
7222
7222
7221
7220
7220
7219
7218
7218
7217
7216
7213
7212
7212
7212
7211
7209
7207
7207
7207
7206
7205
7205
7203
7202
7201
7196
7196
7195
7195
7194
7193
7192
7192
7191
7191
7191
7191
7190
7188
7188
7188
7188
7187
7185
7184
7183
7179
7178
7178
7175
7174
7174
7173
7172
7171
7170
7169
7166
7166
7166
7166
7165
7165
7163
7163
7162
7161
7161
7160
7160
7160
7160
7157
7157
7157
7157
7157
7156
7155
7154
7153
7152
7151
7151
7151
7150
7150
7148
7147
7146
7145
7144
7141
7141
7141
7140
7138
7137
7134
7133
7132
7132
7131
7130
7130
7129
7128
7128
7127
7126
7125
7125
7124
7123
7122
7121
7119
7118
7115
7115
7114
7113
7112
7111
7111
7109
7108
7108
7107
7107
7106
7105
7104
7103
7102
7102
7101
7100
7098
7097
7095
7095
7093
7092
7090
7089
7089
7089
7088
7087
7087
7087
7086
7086
7083
7082
7081
7081
7079
7079
7079
7078
7078
7077
7077
7076
7076
7075
7075
7074
7073
7073
7071
7070
7070
7067
7067
7066
7065
7064
7064
7063
7062
7061
7061
7056
7056
7056
7053
7052
7052
7051
7050
7047
7045
7045
7044
7041
7040
7040
7040
7039
7038
7038
7037
7037
7032
7031
7031
7030
7030
7029
7029
7028
7028
7028
7027
7026
7025
7022
7022
7021
7020
7020
7018
7018
7018
7016
7015
7014
7014
7013
7013
7013
7012
7011
7011
7010
7010
7009
7009
7009
7008
7008
7007
7006
7006
7004
7003
7003
7002
7002
7001
6998
6997
6997
6996
6993
6992
6992
6991
6990
6989
6988
6985
6984
6984
6982
6982
6982
6981
6980
6980
6979
6979
6978
6978
6978
6977
6976
6975
6975
6975
6972
6972
6968
6965
6963
6961
6960
6960
6960
6959
6959
6958
6956
6955
6953
6945
6943
6942
6942
6941
6940
6940
6939
6939
6939
6939
6938
6938
6938
6938
6937
6935
6934
6933
6932
6931
6930
6929
6929
6929
6928
6928
6927
6927
6925
6924
6924
6922
6920
6919
6918
6917
6917
6916
6916
6914
6912
6910
6908
6908
6907
6904
6904
6902
6899
6898
6897
6896
6896
6895
6895
6894
6892
6891
6891
6890
6888
6885
6885
6885
6884
6884
6882
6882
6881
6880
6880
6880
6877
6875
6874
6874
6871
6867
6867
6867
6865
6863
6863
6861
6859
6859
6859
6858
6851
6850
6849
6848
6848
6846
6846
6846
6846
6846
6845
6844
6843
6842
6842
6841
6838
6838
6838
6838
6837
6837
6837
6835
6835
6834
6834
6833
6832
6831
6831
6830
6828
6828
6822
6822
6822
6818
6818
6817
6815
6815
6814
6814
6814
6814
6814
6812
6810
6809
6808
6808
6807
6805
6805
6804
6803
6803
6803
6802
6801
6800
6800
6800
6800
6799
6799
6798
6798
6797
6797
6796
6796
6795
6795
6792
6792
6791
6789
6789
6786
6786
6786
6785
6784
6783
6782
6781
6781
6779
6779
6779
6777
6777
6777
6777
6776
6775
6774
6774
6773
6771
6771
6771
6770
6770
6769
6768
6767
6765
6764
6763
6763
6763
6763
6761
6760
6759
6758
6758
6755
6752
6751
6751
6748
6743
6742
6742
6742
6742
6740
6739
6738
6738
6738
6737
6736
6735
6734
6734
6734
6733
6732
6732
6730
6727
6725
6723
6721
6721
6721
6720
6719
6719
6718
6717
6717
6715
6712
6711
6709
6705
6703
6703
6702
6701
6701
6700
6700
6699
6697
6695
6694
6693
6692
6692
6692
6690
6689
6688
6688
6688
6685
6685
6684
6684
6684
6684
6682
6681
6680
6680
6678
6676
6674
6674
6673
6673
6672
6671
6670
6670
6669
6668
6668
6668
6665
6664
6663
6661
6661
6661
6661
6661
6660
6660
6659
6658
6657
6655
6655
6653
6653
6651
6649
6649
6647
6646
6645
6643
6642
6641
6641
6637
6634
6632
6632
6631
6627
6627
6627
6626
6624
6624
6624
6619
6618
6618
6616
6616
6615
6615
6613
6612
6611
6611
6611
6608
6608
6607
6605
6604
6603
6601
6598
6598
6596
6596
6596
6595
6595
6594
6591
6590
6589
6588
6586
6586
6585
6585
6582
6581
6579
6578
6578
6577
6577
6576
6575
6575
6575
6572
6572
6571
6570
6568
6568
6565
6563
6562
6562
6560
6560
6560
6553
6550
6549
6548
6546
6545
6545
6543
6542
6541
6541
6541
6539
6539
6538
6536
6535
6535
6534
6532
6531
6530
6530
6529
6529
6528
6528
6527
6526
6523
6522
6522
6522
6521
6520
6520
6520
6519
6519
6518
6518
6518
6515
6514
6511
6510
6508
6507
6506
6503
6500
6499
6498
6498
6498
6498
6497
6496
6495
6495
6494
6492
6492
6491
6490
6490
6488
6485
6483
6483
6483
6481
6480
6479
6479
6479
6478
6477
6476
6476
6476
6475
6474
6473
6472
6470
6469
6469
6468
6465
6464
6464
6464
6464
6463
6463
6463
6463
6460
6460
6459
6457
6455
6454
6452
6452
6452
6452
6450
6450
6450
6449
6446
6446
6444
6442
6442
6441
6441
6441
6439
6439
6437
6435
6433
6433
6432
6432
6432
6430
6429
6428
6427
6426
6426
6426
6422
6421
6420
6419
6419
6418
6417
6417
6415
6415
6415
6414
6414
6413
6412
6409
6409
6409
6408
6407
6407
6405
6404
6404
6404
6404
6401
6398
6397
6396
6396
6395
6392
6390
6389
6388
6387
6385
6385
6383
6382
6382
6382
6379
6378
6378
6376
6373
6372
6372
6371
6367
6365
6365
6364
6362
6360
6360
6357
6354
6351
6350
6349
6349
6349
6346
6345
6343
6343
6340
6339
6337
6337
6337
6335
6335
6334
6334
6333
6330
6330
6329
6329
6327
6326
6326
6324
6323
6323
6322
6322
6322
6322
6320
6319
6319
6319
6318
6318
6318
6317
6316
6316
6316
6315
6314
6314
6313
6310
6309
6307
6306
6305
6304
6304
6303
6302
6301
6301
6300
6300
6299
6299
6297
6295
6295
6294
6292
6292
6291
6290
6290
6289
6289
6288
6287
6286
6285
6283
6282
6281
6279
6279
6278
6277
6276
6276
6274
6274
6273
6273
6273
6271
6269
6269
6267
6266
6264
6263
6263
6262
6261
6261
6261
6260
6260
6260
6259
6259
6259
6258
6258
6257
6254
6253
6252
6252
6252
6251
6251
6250
6249
6247
6247
6246
6245
6244
6244
6244
6241
6241
6239
6239
6238
6236
6236
6235
6235
6235
6233
6231
6231
6231
6230
6230
6228
6226
6225
6224
6224
6223
6223
6223
6220
6219
6218
6218
6218
6217
6216
6216
6216
6214
6211
6211
6210
6207
6207
6205
6204
6204
6204
6203
6203
6202
6201
6201
6200
6199
6198
6196
6195
6195
6195
6192
6192
6192
6191
6191
6190
6188
6187
6186
6186
6185
6184
6184
6184
6183
6183
6182
6181
6179
6179
6179
6179
6177
6176
6176
6175
6174
6174
6174
6173
6173
6172
6171
6171
6170
6169
6168
6167
6166
6165
6164
6164
6161
6160
6158
6156
6156
6156
6155
6155
6153
6153
6152
6151
6150
6150
6150
6149
6149
6146
6146
6144
6144
6143
6143
6142
6141
6140
6140
6139
6138
6135
6135
6134
6133
6132
6132
6132
6131
6131
6130
6129
6127
6127
6126
6125
6124
6124
6124
6123
6122
6120
6117
6114
6112
6111
6109
6109
6108
6108
6108
6107
6106
6105
6104
6104
6104
6104
6103
6103
6102
6101
6100
6100
6100
6099
6099
6098
6097
6095
6094
6093
6088
6084
6083
6083
6083
6082
6082
6082
6081
6081
6080
6079
6079
6078
6074
6074
6072
6072
6072
6072
6071
6071
6070
6070
6069
6069
6068
6068
6064
6064
6062
6062
6057
6056
6056
6054
6054
6054
6052
6051
6050
6049
6049
6047
6043
6042
6039
6038
6037
6036
6036
6033
6029
6028
6027
6025
6024
6024
6023
6023
6023
6022
6021
6020
6019
6015
6012
6012
6011
6011
6011
6010
6009
6009
6008
6008
6008
6007
6007
6007
6003
6002
6001
6000
6000
6000
5998
5998
5996
5995
5995
5994
5994
5992
5991
5989
5988
5988
5988
5988
5987
5987
5985
5984
5984
5984
5984
5983
5982
5981
5978
5978
5977
5975
5975
5973
5972
5972
5972
5970
5970
5968
5967
5967
5966
5966
5966
5964
5964
5963
5961
5961
5960
5959
5959
5959
5958
5957
5957
5954
5953
5952
5951
5951
5950
5950
5944
5944
5944
5942
5942
5941
5941
5939
5939
5938
5936
5936
5932
5932
5932
5931
5930
5930
5930
5929
5929
5928
5926
5921
5920
5920
5919
5918
5915
5913
5913
5913
5911
5911
5911
5909
5907
5906
5906
5906
5902
5900
5900
5898
5897
5896
5896
5896
5896
5895
5895
5894
5893
5892
5890
5890
5890
5889
5889
5888
5888
5887
5886
5886
5885
5882
5877
5876
5874
5872
5872
5871
5871
5871
5871
5870
5870
5870
5870
5869
5869
5868
5867
5865
5864
5864
5864
5863
5863
5863
5862
5862
5861
5860
5859
5859
5858
5858
5857
5857
5856
5854
5853
5853
5852
5851
5851
5849
5848
5848
5848
5847
5846
5846
5844
5843
5843
5842
5841
5839
5837
5836
5832
5831
5828
5827
5827
5826
5826
5825
5825
5820
5820
5820
5820
5817
5816
5816
5816
5813
5811
5811
5811
5810
5810
5806
5802
5801
5800
5799
5798
5796
5796
5795
5795
5794
5793
5793
5793
5792
5791
5791
5790
5790
5789
5789
5787
5787
5786
5784
5783
5781
5781
5780
5779
5778
5777
5777
5775
5772
5770
5768
5768
5767
5767
5766
5765
5764
5764
5763
5762
5762
5762
5759
5759
5759
5758
5756
5754
5753
5749
5748
5747
5745
5744
5743
5742
5742
5740
5739
5738
5736
5736
5736
5733
5733
5728
5726
5726
5724
5724
5724
5723
5723
5723
5723
5722
5722
5720
5719
5717
5716
5715
5715
5713
5711
5711
5710
5709
5709
5707
5707
5707
5706
5704
5703
5703
5702
5702
5699
5698
5697
5696
5695
5694
5692
5690
5690
5689
5689
5688
5687
5687
5686
5686
5684
5683
5682
5682
5680
5680
5679
5677
5677
5674
5674
5673
5673
5672
5670
5669
5668
5668
5667
5667
5659
5659
5656
5655
5653
5652
5651
5651
5648
5647
5646
5646
5645
5644
5641
5639
5638
5635
5634
5632
5632
5631
5630
5629
5629
5628
5627
5625
5625
5624
5623
5623
5621
5621
5621
5620
5619
5619
5618
5617
5614
5613
5612
5609
5609
5609
5608
5608
5607
5605
5604
5603
5599
5599
5599
5598
5598
5595
5593
5590
5590
5588
5588
5586
5585
5584
5583
5580
5580
5579
5579
5579
5577
5577
5577
5574
5573
5572
5571
5570
5570
5570
5568
5567
5564
5564
5564
5563
5563
5562
5560
5558
5556
5553
5551
5549
5549
5548
5548
5548
5547
5547
5544
5542
5540
5539
5538
5537
5537
5537
5535
5535
5533
5531
5531
5530
5530
5530
5529
5528
5528
5527
5526
5526
5526
5526
5522
5521
5520
5520
5516
5515
5511
5511
5508
5508
5508
5508
5507
5505
5504
5503
5502
5502
5501
5501
5500
5497
5497
5496
5495
5495
5495
5494
5493
5493
5492
5491
5491
5490
5484
5482
5482
5480
5480
5479
5478
5477
5475
5474
5474
5474
5472
5471
5471
5471
5470
5470
5467
5467
5466
5464
5464
5461
5461
5460
5460
5459
5458
5457
5455
5455
5454
5453
5453
5451
5449
5448
5447
5446
5446
5444
5444
5443
5442
5440
5438
5436
5434
5433
5433
5432
5431
5428
5428
5428
5427
5426
5425
5425
5425
5424
5424
5423
5423
5420
5420
5420
5420
5417
5417
5415
5414
5414
5413
5413
5411
5410
5408
5407
5406
5406
5404
5404
5403
5403
5395
5394
5390
5390
5389
5388
5387
5387
5387
5387
5386
5385
5385
5384
5384
5383
5383
5381
5380
5380
5379
5379
5377
5376
5375
5375
5374
5373
5372
5370
5369
5368
5367
5367
5367
5365
5361
5361
5360
5360
5359
5358
5356
5356
5355
5355
5355
5354
5354
5353
5353
5353
5351
5349
5349
5347
5344
5343
5340
5338
5335
5333
5332
5332
5331
5330
5329
5329
5329
5328
5327
5326
5326
5325
5325
5325
5324
5323
5321
5319
5319
5318
5318
5317
5315
5312
5311
5309
5309
5309
5308
5307
5307
5306
5302
5301
5301
5301
5301
5300
5297
5297
5296
5294
5294
5293
5291
5291
5290
5289
5287
5286
5282
5282
5282
5281
5280
5280
5277
5276
5275
5275
5275
5275
5274
5273
5273
5272
5272
5271
5271
5269
5269
5269
5267
5265
5263
5260
5257
5256
5254
5253
5253
5253
5252
5251
5250
5250
5249
5249
5248
5248
5248
5246
5244
5243
5243
5243
5242
5242
5242
5241
5241
5241
5241
5240
5236
5234
5233
5232
5232
5231
5229
5226
5226
5226
5225
5225
5225
5225
5224
5223
5223
5220
5219
5219
5219
5216
5214
5214
5214
5213
5213
5213
5211
5211
5208
5207
5206
5205
5203
5203
5200
5200
5200
5200
5199
5199
5198
5197
5195
5195
5194
5194
5193
5189
5189
5188
5187
5187
5186
5185
5184
5181
5181
5178
5178
5175
5175
5174
5171
5171
5170
5169
5168
5167
5167
5166
5166
5162
5160
5160
5159
5158
5158
5156
5156
5155
5153
5152
5150
5150
5149
5149
5148
5147
5147
5147
5147
5145
5144
5142
5141
5140
5139
5139
5139
5137
5135
5133
5132
5131
5128
5125
5122
5121
5121
5120
5119
5119
5117
5117
5117
5117
5117
5116
5116
5115
5112
5112
5110
5110
5109
5109
5109
5106
5104
5100
5099
5097
5097
5097
5097
5096
5094
5090
5090
5089
5089
5086
5086
5086
5084
5083
5080
5080
5078
5078
5077
5077
5074
5074
5073
5072
5069
5067
5067
5066
5066
5064
5064
5063
5062
5060
5058
5058
5058
5057
5056
5055
5054
5053
5051
5051
5051
5051
5050
5050
5050
5049
5049
5047
5047
5047
5046
5045
5044
5043
5042
5042
5041
5041
5041
5040
5040
5039
5039
5039
5038
5037
5037
5036
5035
5035
5032
5032
5030
5029
5029
5029
5028
5026
5026
5025
5025
5025
5024
5023
5022
5021
5021
5020
5018
5017
5015
5013
5013
5012
5011
5011
5011
5011
5005
5003
5001
5001
5000
4998
4998
4996
4994
4993
4993
4992
4991
4989
4989
4986
4984
4983
4983
4982
4981
4981
4979
4979
4978
4976
4975
4975
4973
4971
4971
4971
4970
4970
4969
4967
4966
4966
4966
4965
4964
4964
4964
4963
4960
4960
4959
4955
4954
4953
4953
4951
4951
4950
4949
4949
4949
4949
4949
4948
4948
4945
4945
4944
4941
4940
4939
4939
4938
4936
4934
4932
4930
4929
4929
4928
4927
4924
4923
4921
4920
4920
4919
4915
4915
4914
4913
4912
4911
4911
4910
4907
4906
4902
4901
4899
4899
4898
4897
4897
4896
4894
4894
4894
4893
4892
4891
4890
4889
4889
4888
4888
4886
4885
4885
4883
4883
4881
4880
4879
4879
4879
4877
4876
4876
4876
4875
4874
4874
4873
4872
4869
4869
4868
4867
4867
4867
4866
4866
4866
4865
4863
4863
4862
4861
4861
4861
4857
4856
4856
4855
4853
4851
4851
4851
4851
4851
4850
4848
4847
4846
4846
4845
4844
4841
4841
4841
4841
4840
4839
4837
4835
4834
4834
4833
4833
4832
4832
4832
4832
4830
4829
4829
4828
4826
4825
4825
4824
4824
4823
4822
4822
4821
4821
4820
4818
4816
4816
4815
4815
4814
4814
4814
4813
4813
4813
4813
4812
4812
4812
4810
4806
4805
4803
4803
4802
4800
4800
4799
4799
4799
4795
4794
4793
4793
4793
4789
4788
4788
4787
4783
4782
4781
4781
4780
4780
4779
4779
4779
4778
4778
4777
4775
4774
4773
4773
4772
4771
4771
4771
4771
4769
4769
4768
4768
4767
4767
4765
4762
4762
4762
4761
4759
4759
4758
4758
4758
4757
4757
4755
4754
4752
4751
4750
4750
4749
4749
4748
4747
4747
4747
4746
4746
4745
4742
4740
4738
4737
4737
4736
4735
4735
4733
4733
4732
4732
4731
4730
4728
4728
4728
4727
4727
4726
4725
4723
4722
4721
4719
4719
4717
4713
4712
4711
4710
4709
4707
4704
4704
4703
4703
4702
4702
4700
4699
4698
4697
4697
4695
4694
4694
4692
4690
4688
4687
4687
4686
4686
4683
4682
4682
4681
4681
4680
4679
4679
4678
4677
4677
4676
4674
4674
4672
4671
4668
4667
4665
4664
4663
4660
4659
4657
4657
4655
4654
4654
4654
4653
4653
4653
4652
4652
4650
4650
4649
4646
4646
4645
4644
4644
4644
4642
4642
4641
4641
4640
4640
4640
4638
4638
4637
4636
4635
4634
4634
4633
4632
4630
4630
4629
4628
4628
4626
4624
4624
4624
4624
4624
4623
4623
4622
4620
4620
4619
4619
4617
4616
4615
4615
4614
4614
4613
4613
4612
4610
4609
4609
4608
4607
4607
4607
4606
4606
4605
4604
4604
4602
4602
4600
4597
4596
4592
4591
4590
4590
4589
4588
4586
4585
4583
4581
4580
4576
4576
4574
4573
4572
4571
4571
4571
4570
4568
4568
4568
4566
4566
4566
4564
4564
4563
4563
4563
4563
4562
4562
4561
4560
4559
4558
4558
4558
4556
4556
4555
4555
4554
4554
4553
4553
4551
4549
4549
4546
4545
4543
4543
4542
4541
4539
4539
4538
4537
4536
4536
4535
4535
4534
4533
4532
4531
4530
4530
4529
4529
4528
4526
4526
4524
4524
4522
4522
4522
4521
4521
4520
4518
4518
4518
4516
4514
4513
4513
4513
4512
4510
4509
4506
4506
4504
4503
4502
4501
4501
4499
4498
4496
4494
4493
4492
4489
4489
4488
4488
4486
4485
4485
4485
4483
4482
4482
4480
4480
4479
4477
4477
4476
4474
4473
4473
4469
4469
4469
4468
4466
4466
4464
4463
4463
4462
4462
4462
4462
4458
4458
4457
4457
4456
4456
4454
4454
4454
4453
4451
4450
4450
4448
4445
4444
4444
4440
4437
4437
4436
4435
4435
4434
4433
4432
4432
4424
4424
4423
4423
4423
4421
4420
4420
4420
4419
4419
4419
4417
4416
4416
4416
4415
4415
4412
4412
4409
4409
4408
4408
4407
4406
4405
4404
4404
4402
4402
4399
4397
4395
4394
4393
4392
4392
4390
4389
4389
4384
4384
4384
4383
4383
4381
4381
4380
4380
4379
4378
4378
4375
4375
4375
4374
4373
4371
4370
4369
4368
4368
4366
4365
4365
4364
4363
4362
4361
4356
4355
4355
4354
4351
4351
4350
4350
4349
4349
4348
4347
4347
4346
4346
4345
4344
4344
4343
4340
4340
4340
4339
4338
4338
4336
4336
4334
4334
4334
4334
4333
4332
4330
4327
4327
4327
4326
4326
4325
4324
4323
4321
4319
4317
4315
4314
4313
4312
4311
4310
4310
4309
4308
4308
4307
4304
4299
4292
4289
4287
4287
4285
4285
4283
4283
4283
4282
4281
4279
4277
4277
4277
4276
4274
4273
4273
4272
4271
4271
4270
4269
4266
4266
4265
4264
4264
4263
4261
4261
4259
4258
4258
4257
4255
4254
4251
4250
4247
4247
4245
4245
4244
4244
4241
4240
4239
4237
4235
4235
4234
4234
4234
4233
4233
4232
4232
4232
4230
4230
4230
4228
4227
4226
4226
4225
4224
4224
4223
4222
4222
4222
4221
4220
4219
4217
4216
4216
4216
4216
4215
4215
4213
4213
4212
4210
4210
4209
4208
4208
4207
4207
4206
4206
4205
4204
4203
4203
4203
4202
4202
4202
4202
4201
4201
4196
4196
4195
4194
4192
4191
4190
4189
4187
4184
4184
4183
4183
4179
4179
4178
4175
4174
4174
4173
4172
4171
4168
4166
4166
4166
4163
4163
4161
4161
4160
4160
4157
4151
4150
4149
4148
4148
4147
4145
4144
4143
4142
4140
4138
4132
4131
4131
4131
4130
4129
4129
4128
4128
4128
4126
4126
4126
4125
4125
4125
4124
4123
4123
4119
4119
4117
4114
4112
4111
4110
4110
4108
4107
4107
4106
4105
4103
4103
4103
4102
4101
4100
4099
4099
4097
4095
4095
4094
4094
4092
4090
4090
4089
4088
4086
4085
4082
4082
4081
4080
4077
4074
4072
4072
4072
4069
4069
4068
4068
4067
4067
4066
4066
4065
4064
4063
4063
4063
4063
4062
4060
4059
4058
4056
4056
4056
4055
4053
4053
4052
4050
4049
4048
4047
4047
4042
4041
4041
4040
4040
4037
4036
4035
4035
4035
4035
4034
4033
4032
4031
4030
4029
4029
4029
4028
4027
4027
4026
4026
4020
4019
4019
4018
4017
4016
4015
4015
4015
4014
4014
4012
4010
4009
4008
4008
4007
4007
4007
4005
4001
4001
4000
3999
3997
3997
3996
3994
3993
3988
3987
3987
3986
3984
3984
3983
3982
3982
3979
3978
3978
3977
3977
3977
3975
3974
3974
3972
3969
3969
3968
3967
3967
3966
3966
3965
3963
3962
3961
3961
3959
3959
3958
3956
3956
3955
3955
3955
3953
3953
3953
3953
3949
3949
3947
3947
3946
3946
3946
3943
3940
3939
3939
3938
3938
3938
3937
3937
3936
3936
3934
3932
3931
3930
3930
3930
3928
3927
3926
3925
3923
3921
3921
3920
3918
3917
3916
3916
3914
3913
3912
3912
3911
3911
3910
3909
3909
3908
3904
3903
3903
3902
3902
3902
3902
3898
3898
3895
3894
3894
3893
3893
3893
3893
3892
3892
3891
3891
3890
3889
3888
3887
3887
3886
3884
3876
3875
3873
3872
3868
3862
3860
3859
3856
3856
3856
3854
3854
3854
3852
3852
3852
3851
3851
3850
3850
3849
3849
3845
3845
3843
3842
3840
3840
3839
3837
3836
3836
3836
3834
3833
3832
3832
3832
3830
3830
3829
3829
3829
3829
3828
3828
3827
3826
3823
3822
3821
3820
3820
3818
3817
3817
3815
3814
3813
3813
3813
3811
3811
3811
3810
3807
3807
3805
3804
3804
3803
3801
3801
3801
3794
3793
3792
3790
3789
3787
3786
3785
3785
3784
3784
3784
3783
3782
3778
3777
3777
3777
3776
3776
3776
3773
3772
3772
3772
3771
3769
3767
3767
3766
3765
3762
3762
3761
3761
3758
3756
3755
3755
3755
3752
3751
3751
3750
3749
3748
3747
3745
3744
3743
3740
3740
3739
3737
3737
3736
3735
3734
3732
3731
3730
3729
3728
3728
3727
3727
3726
3725
3722
3722
3720
3719
3718
3717
3716
3715
3714
3712
3711
3710
3709
3707
3705
3703
3703
3703
3702
3702
3701
3700
3699
3699
3698
3698
3697
3695
3692
3691
3690
3689
3689
3688
3686
3685
3685
3685
3685
3685
3685
3684
3683
3680
3678
3675
3675
3674
3674
3669
3667
3663
3661
3661
3659
3658
3657
3653
3651
3648
3646
3645
3642
3641
3641
3640
3638
3638
3636
3636
3636
3634
3633
3632
3632
3630
3630
3628
3626
3625
3625
3625
3623
3622
3622
3621
3621
3621
3620
3620
3619
3619
3617
3616
3615
3615
3613
3613
3612
3612
3610
3609
3609
3609
3608
3606
3604
3602
3601
3599
3599
3595
3594
3593
3593
3593
3593
3592
3591
3591
3590
3587
3586
3586
3586
3585
3583
3583
3581
3580
3576
3575
3574
3573
3573
3572
3571
3569
3568
3567
3566
3564
3564
3562
3562
3562
3561
3559
3559
3557
3557
3556
3555
3554
3553
3553
3550
3548
3547
3546
3545
3545
3545
3544
3543
3542
3542
3542
3541
3541
3540
3537
3537
3535
3531
3529
3529
3529
3528
3527
3527
3527
3526
3525
3525
3521
3520
3518
3516
3516
3515
3514
3510
3509
3509
3509
3505
3503
3502
3502
3501
3501
3501
3500
3498
3498
3497
3497
3496
3495
3495
3494
3494
3494
3493
3492
3492
3492
3491
3491
3490
3489
3488
3488
3486
3486
3485
3484
3484
3483
3483
3483
3481
3480
3478
3477
3477
3476
3475
3474
3474
3473
3473
3473
3472
3471
3467
3465
3465
3465
3463
3462
3462
3461
3460
3460
3460
3459
3458
3457
3456
3456
3455
3455
3454
3449
3445
3443
3442
3440
3440
3438
3437
3436
3435
3433
3432
3432
3431
3430
3430
3429
3429
3427
3426
3426
3426
3423
3423
3421
3421
3421
3419
3418
3417
3416
3415
3415
3414
3414
3414
3412
3412
3412
3412
3411
3408
3408
3407
3407
3406
3405
3404
3404
3401
3400
3400
3399
3398
3397
3396
3396
3393
3391
3390
3389
3387
3387
3386
3386
3384
3383
3383
3382
3380
3379
3379
3379
3379
3379
3378
3378
3377
3377
3377
3374
3372
3372
3372
3371
3370
3369
3369
3368
3367
3367
3367
3365
3365
3364
3361
3361
3359
3359
3357
3355
3352
3350
3348
3348
3348
3347
3347
3346
3345
3345
3344
3344
3340
3339
3338
3337
3336
3336
3335
3335
3335
3335
3334
3333
3332
3329
3326
3325
3324
3322
3322
3321
3318
3316
3315
3314
3313
3313
3312
3310
3309
3309
3308
3307
3306
3304
3302
3301
3301
3301
3300
3298
3297
3297
3297
3296
3296
3292
3291
3290
3289
3288
3288
3288
3287
3285
3285
3284
3284
3283
3283
3281
3278
3278
3277
3277
3276
3276
3275
3275
3275
3275
3274
3274
3272
3272
3272
3270
3268
3265
3265
3264
3263
3263
3262
3261
3260
3259
3259
3258
3258
3255
3251
3250
3250
3250
3249
3249
3247
3246
3245
3245
3243
3242
3242
3242
3240
3238
3237
3236
3236
3235
3234
3233
3232
3231
3231
3229
3229
3226
3225
3225
3223
3221
3220
3219
3218
3218
3218
3218
3217
3216
3216
3216
3215
3214
3212
3211
3207
3204
3202
3202
3201
3198
3197
3196
3196
3196
3195
3194
3194
3191
3191
3191
3190
3189
3189
3188
3185
3184
3184
3181
3180
3180
3178
3178
3177
3176
3175
3174
3174
3173
3173
3172
3172
3171
3169
3167
3167
3166
3166
3166
3165
3163
3163
3159
3159
3158
3157
3156
3155
3154
3153
3152
3152
3150
3149
3149
3149
3148
3146
3146
3145
3144
3142
3141
3139
3139
3139
3139
3139
3138
3137
3136
3136
3135
3135
3134
3134
3133
3131
3131
3130
3129
3128
3126
3126
3126
3123
3123
3120
3119
3118
3118
3115
3115
3114
3113
3113
3113
3113
3112
3112
3111
3111
3110
3110
3110
3109
3109
3108
3107
3107
3105
3105
3105
3105
3102
3099
3096
3095
3095
3094
3092
3091
3091
3088
3088
3085
3084
3084
3083
3083
3082
3081
3080
3080
3079
3078
3077
3077
3076
3074
3072
3070
3070
3069
3068
3067
3067
3067
3063
3062
3062
3062
3062
3061
3061
3060
3058
3057
3057
3057
3056
3055
3053
3052
3052
3051
3047
3044
3044
3042
3042
3042
3040
3040
3035
3035
3030
3029
3029
3029
3025
3021
3019
3018
3018
3016
3015
3014
3013
3013
3011
3011
3010
3008
3007
3007
3005
3004
3002
3001
3001
3000
2999
2998
2997
2995
2994
2992
2991
2991
2988
2987
2985
2985
2984
2983
2980
2978
2977
2976
2976
2975
2975
2975
2973
2973
2973
2973
2973
2971
2971
2969
2969
2969
2968
2968
2967
2966
2966
2965
2963
2963
2962
2962
2962
2960
2959
2958
2956
2955
2955
2954
2954
2953
2952
2948
2948
2947
2945
2945
2943
2943
2943
2940
2940
2940
2939
2938
2937
2937
2936
2936
2933
2932
2930
2928
2928
2926
2926
2925
2922
2921
2921
2920
2919
2919
2918
2918
2916
2916
2916
2916
2916
2915
2915
2915
2914
2914
2913
2913
2913
2912
2912
2912
2912
2911
2909
2907
2906
2906
2905
2904
2900
2899
2899
2898
2898
2895
2894
2894
2893
2891
2889
2888
2887
2885
2885
2885
2884
2883
2882
2882
2881
2881
2880
2879
2879
2878
2878
2878
2877
2876
2873
2871
2870
2869
2868
2866
2866
2866
2866
2864
2863
2859
2858
2857
2857
2855
2854
2854
2852
2852
2849
2848
2847
2847
2847
2845
2842
2840
2839
2839
2838
2838
2837
2836
2836
2834
2830
2828
2827
2826
2825
2824
2824
2822
2821
2820
2818
2817
2813
2812
2812
2812
2810
2809
2809
2809
2807
2806
2806
2805
2802
2801
2801
2800
2797
2796
2793
2791
2791
2790
2789
2787
2786
2786
2785
2785
2785
2784
2783
2780
2780
2779
2779
2779
2778
2775
2775
2773
2773
2773
2772
2771
2769
2769
2768
2768
2768
2767
2765
2765
2764
2762
2761
2760
2758
2756
2755
2755
2755
2754
2753
2747
2745
2745
2744
2744
2744
2743
2743
2742
2742
2739
2739
2739
2739
2739
2736
2736
2735
2733
2733
2732
2732
2731
2731
2730
2730
2729
2729
2729
2728
2724
2723
2722
2720
2720
2719
2718
2717
2717
2715
2714
2714
2713
2712
2712
2712
2711
2711
2710
2708
2707
2707
2707
2703
2700
2700
2699
2698
2698
2698
2698
2697
2695
2694
2694
2693
2693
2692
2691
2690
2689
2689
2688
2684
2682
2682
2682
2680
2680
2679
2678
2678
2677
2676
2675
2672
2670
2668
2667
2665
2664
2664
2663
2662
2660
2660
2657
2657
2656
2656
2656
2654
2654
2654
2653
2651
2650
2650
2647
2646
2646
2646
2643
2642
2641
2640
2640
2640
2639
2638
2637
2637
2637
2636
2636
2635
2634
2633
2632
2631
2630
2629
2629
2628
2627
2626
2625
2624
2623
2622
2621
2621
2620
2620
2618
2616
2616
2616
2615
2613
2612
2609
2609
2608
2607
2607
2604
2604
2604
2603
2603
2599
2599
2598
2598
2597
2596
2596
2593
2593
2592
2592
2591
2589
2588
2587
2586
2585
2582
2577
2577
2577
2575
2574
2574
2572
2572
2572
2571
2571
2570
2570
2570
2569
2568
2565
2564
2562
2561
2561
2558
2558
2558
2556
2556
2555
2554
2553
2552
2552
2552
2551
2549
2549
2548
2548
2546
2546
2545
2545
2541
2539
2537
2537
2536
2535
2535
2533
2532
2532
2532
2531
2531
2530
2529
2528
2528
2527
2527
2526
2524
2524
2523
2523
2522
2521
2521
2521
2520
2518
2518
2517
2514
2511
2507
2506
2505
2505
2504
2503
2503
2502
2501
2499
2499
2497
2497
2495
2494
2489
2489
2489
2488
2487
2487
2484
2483
2482
2481
2481
2480
2479
2479
2478
2478
2477
2477
2476
2476
2476
2475
2473
2472
2468
2467
2466
2466
2465
2463
2463
2461
2461
2461
2460
2459
2458
2456
2456
2455
2455
2454
2454
2451
2450
2448
2447
2447
2446
2445
2445
2445
2441
2440
2440
2439
2438
2438
2437
2436
2435
2435
2434
2434
2433
2432
2431
2429
2429
2422
2420
2419
2418
2417
2417
2417
2415
2415
2414
2412
2412
2411
2408
2406
2406
2405
2404
2404
2403
2402
2399
2398
2397
2397
2396
2392
2391
2389
2388
2386
2384
2384
2383
2383
2382
2381
2381
2380
2379
2379
2378
2375
2375
2374
2374
2372
2369
2368
2368
2367
2364
2362
2361
2361
2360
2360
2359
2358
2358
2357
2356
2356
2355
2354
2354
2353
2350
2347
2346
2345
2345
2343
2341
2341
2340
2339
2338
2336
2336
2334
2331
2330
2329
2329
2328
2327
2326
2324
2322
2319
2318
2313
2313
2313
2313
2312
2311
2310
2309
2308
2307
2306
2306
2306
2304
2302
2301
2301
2297
2296
2296
2295
2295
2295
2295
2295
2294
2294
2294
2294
2293
2292
2292
2292
2291
2289
2287
2286
2286
2286
2286
2286
2286
2285
2284
2283
2283
2282
2278
2278
2277
2276
2276
2275
2275
2273
2272
2271
2271
2270
2270
2270
2268
2266
2263
2262
2261
2257
2257
2257
2256
2256
2256
2255
2255
2254
2254
2254
2252
2250
2250
2249
2249
2249
2248
2247
2247
2246
2245
2245
2244
2244
2242
2241
2240
2239
2238
2238
2237
2236
2236
2236
2234
2234
2233
2233
2232
2231
2230
2229
2227
2227
2226
2224
2223
2221
2218
2217
2217
2217
2215
2214
2213
2212
2211
2210
2210
2210
2209
2206
2203
2203
2202
2201
2200
2198
2197
2196
2196
2196
2195
2194
2194
2191
2187
2187
2186
2186
2185
2184
2182
2181
2180
2179
2179
2179
2179
2177
2175
2174
2174
2174
2171
2171
2169
2168
2167
2166
2166
2166
2163
2162
2161
2158
2155
2153
2152
2152
2151
2149
2149
2145
2145
2143
2143
2143
2141
2141
2141
2139
2137
2137
2137
2137
2136
2135
2134
2134
2133
2133
2133
2132
2131
2130
2130
2129
2129
2129
2128
2126
2126
2125
2124
2121
2121
2121
2118
2117
2117
2116
2114
2113
2112
2110
2105
2104
2101
2101
2099
2099
2098
2095
2095
2094
2094
2093
2093
2092
2092
2090
2089
2089
2087
2087
2083
2082
2081
2081
2079
2078
2075
2075
2075
2074
2074
2073
2072
2071
2071
2068
2068
2067
2067
2067
2066
2066
2064
2061
2060
2060
2058
2057
2055
2055
2055
2055
2055
2054
2054
2053
2053
2051
2050
2048
2047
2047
2047
2046
2044
2044
2042
2042
2041
2041
2040
2040
2040
2039
2038
2037
2035
2034
2034
2034
2032
2032
2031
2030
2030
2030
2030
2028
2028
2028
2027
2026
2024
2024
2024
2021
2019
2019
2019
2017
2017
2015
2014
2013
2011
2010
2010
2009
2009
2008
2008
2007
2007
2005
2004
2003
2001
2000
1999
1999
1998
1997
1995
1995
1994
1993
1993
1992
1992
1992
1991
1990
1989
1988
1988
1986
1986
1986
1985
1984
1984
1983
1982
1981
1981
1981
1981
1980
1980
1978
1978
1977
1976
1975
1972
1972
1971
1969
1969
1968
1967
1967
1967
1967
1966
1965
1963
1962
1960
1960
1960
1960
1958
1957
1957
1955
1954
1953
1952
1952
1951
1950
1949
1949
1948
1947
1946
1944
1944
1939
1938
1937
1936
1935
1933
1932
1931
1931
1930
1928
1928
1928
1927
1926
1925
1924
1924
1924
1924
1920
1920
1919
1919
1919
1918
1918
1917
1917
1916
1915
1913
1912
1910
1909
1908
1907
1907
1906
1906
1905
1904
1901
1900
1899
1897
1897
1896
1894
1894
1887
1886
1885
1885
1883
1883
1882
1882
1881
1880
1879
1878
1876
1875
1873
1872
1870
1869
1869
1868
1867
1866
1865
1863
1859
1859
1855
1854
1854
1853
1852
1851
1850
1849
1849
1849
1848
1847
1846
1846
1846
1846
1843
1842
1841
1841
1841
1840
1837
1837
1837
1835
1835
1834
1834
1833
1833
1833
1833
1833
1832
1831
1830
1828
1827
1826
1825
1823
1823
1823
1822
1821
1819
1819
1819
1817
1816
1816
1814
1810
1809
1809
1808
1807
1806
1805
1802
1800
1799
1798
1798
1796
1796
1795
1793
1793
1793
1792
1790
1789
1788
1788
1786
1785
1784
1784
1784
1784
1782
1782
1781
1781
1780
1780
1779
1778
1775
1775
1775
1775
1775
1774
1772
1768
1768
1767
1766
1764
1763
1759
1757
1755
1755
1753
1752
1752
1752
1749
1749
1749
1748
1748
1747
1746
1746
1746
1745
1745
1745
1743
1741
1740
1738
1736
1736
1735
1735
1735
1734
1732
1731
1731
1730
1729
1728
1727
1725
1724
1723
1723
1720
1719
1719
1717
1717
1717
1713
1712
1712
1712
1711
1710
1708
1708
1704
1703
1703
1702
1702
1702
1702
1700
1698
1696
1696
1694
1692
1691
1691
1690
1690
1690
1689
1688
1688
1687
1686
1686
1684
1683
1681
1678
1677
1676
1674
1674
1674
1673
1671
1669
1668
1667
1667
1667
1666
1664
1664
1663
1663
1662
1662
1662
1659
1658
1657
1657
1657
1656
1656
1654
1654
1653
1653
1653
1649
1648
1648
1647
1647
1647
1647
1645
1644
1643
1643
1641
1640
1639
1638
1638
1638
1638
1638
1637
1636
1636
1636
1633
1632
1628
1628
1627
1626
1625
1622
1621
1621
1621
1620
1617
1617
1616
1616
1616
1615
1615
1615
1615
1613
1613
1612
1612
1611
1610
1609
1609
1608
1608
1608
1608
1606
1604
1604
1603
1603
1602
1601
1599
1598
1597
1595
1593
1592
1591
1591
1589
1588
1588
1587
1587
1586
1586
1586
1584
1582
1580
1580
1577
1577
1575
1575
1574
1573
1571
1571
1570
1566
1565
1565
1565
1564
1564
1562
1561
1561
1560
1559
1559
1558
1556
1556
1556
1554
1553
1552
1551
1549
1548
1546
1545
1544
1541
1540
1540
1539
1538
1537
1536
1534
1534
1534
1533
1531
1531
1528
1524
1524
1523
1522
1522
1522
1520
1519
1515
1515
1515
1512
1511
1511
1510
1509
1509
1509
1506
1506
1504
1502
1502
1501
1499
1499
1498
1497
1496
1496
1495
1495
1492
1490
1490
1489
1484
1484
1479
1479
1479
1478
1474
1473
1471
1470
1469
1467
1466
1465
1465
1464
1462
1461
1453
1452
1452
1452
1450
1450
1449
1448
1447
1444
1443
1442
1439
1439
1437
1436
1433
1433
1432
1431
1431
1430
1429
1426
1425
1424
1423
1420
1419
1419
1418
1416
1416
1412
1412
1409
1409
1407
1406
1405
1405
1404
1404
1403
1402
1402
1401
1401
1400
1399
1398
1395
1394
1394
1394
1393
1393
1393
1391
1388
1386
1385
1385
1384
1384
1381
1380
1380
1380
1379
1378
1377
1377
1377
1376
1375
1373
1373
1370
1369
1369
1368
1367
1367
1366
1366
1366
1364
1363
1363
1362
1362
1362
1359
1359
1358
1354
1354
1353
1352
1352
1351
1350
1350
1346
1346
1346
1345
1345
1341
1340
1338
1336
1335
1333
1333
1330
1329
1328
1326
1322
1322
1321
1321
1320
1320
1319
1319
1318
1318
1317
1316
1315
1313
1311
1311
1310
1310
1309
1308
1306
1305
1304
1303
1303
1302
1302
1302
1301
1301
1300
1300
1299
1298
1298
1297
1297
1297
1296
1296
1295
1291
1291
1291
1290
1290
1290
1289
1287
1287
1286
1284
1283
1282
1280
1279
1279
1279
1279
1278
1276
1275
1274
1272
1271
1269
1269
1268
1267
1266
1265
1264
1262
1261
1260
1260
1259
1259
1257
1256
1255
1255
1254
1253
1253
1251
1251
1251
1249
1246
1246
1245
1245
1244
1243
1241
1241
1240
1239
1239
1239
1237
1236
1235
1235
1235
1232
1232
1231
1229
1228
1228
1228
1227
1226
1225
1224
1224
1223
1221
1221
1220
1220
1220
1219
1218
1218
1218
1217
1216
1216
1214
1212
1212
1211
1211
1210
1209
1207
1207
1206
1205
1205
1204
1204
1203
1203
1202
1201
1200
1199
1199
1199
1197
1197
1197
1196
1195
1194
1193
1191
1189
1187
1185
1184
1183
1183
1180
1178
1178
1177
1177
1174
1173
1172
1171
1171
1170
1168
1166
1162
1162
1162
1161
1160
1160
1158
1158
1158
1157
1156
1156
1155
1154
1153
1152
1152
1151
1147
1146
1144
1144
1142
1140
1139
1136
1135
1135
1135
1134
1134
1133
1132
1130
1130
1129
1128
1127
1125
1125
1123
1123
1122
1122
1120
1120
1120
1118
1116
1115
1115
1114
1112
1110
1110
1108
1108
1107
1106
1104
1102
1101
1101
1101
1100
1098
1096
1096
1092
1092
1087
1087
1086
1085
1085
1084
1084
1079
1079
1078
1077
1077
1076
1076
1073
1072
1069
1068
1066
1066
1066
1065
1064
1063
1062
1061
1061
1061
1060
1060
1059
1058
1057
1056
1056
1055
1055
1054
1051
1051
1050
1050
1049
1047
1045
1043
1042
1039
1037
1037
1037
1035
1035
1034
1034
1034
1029
1029
1028
1027
1027
1025
1024
1024
1022
1022
1019
1018
1017
1017
1016
1015
1015
1015
1014
1013
1012
1010
1009
1008
1007
1007
1006
1006
1004
1003
1002
1002
1001
1001
999
998
997
996
996
995
995
994
994
994
994
994
992
992
992
991
990
989
989
988
987
987
986
984
984
981
980
980
979
976
974
971
971
971
968
968
967
966
963
963
962
961
961
961
960
960
959
958
958
958
955
953
953
949
948
945
944
944
942
941
940
940
939
939
937
937
935
935
935
933
932
931
931
931
928
927
927
927
926
924
922
922
922
918
915
913
912
912
910
910
909
907
907
907
907
905
904
903
896
894
894
892
890
889
886
885
882
882
882
879
879
878
877
875
872
872
872
871
871
870
869
869
868
865
864
863
862
862
862
861
861
860
860
859
857
856
856
854
854
853
853
852
851
848
848
847
846
843
843
843
841
838
837
835
835
835
834
833
833
832
830
829
828
827
826
825
825
824
823
822
822
822
821
820
820
818
815
814
813
812
811
810
809
805
805
802
801
801
800
800
798
798
796
796
795
792
792
791
789
789
786
785
784
784
784
783
783
782
778
777
776
773
773
772
772
771
771
769
767
766
766
766
762
761
761
759
758
758
757
755
755
754
752
749
749
748
747
746
746
745
744
743
741
741
740
740
738
737
737
735
735
734
733
733
732
732
731
730
730
729
728
727
722
721
720
718
717
717
716
715
715
714
713
712
711
711
711
710
709
708
708
708
708
706
706
705
705
704
703
702
700
697
697
697
696
695
694
692
691
691
691
690
690
689
686
685
685
682
678
678
678
677
675
675
674
672
670
668
668
667
666
666
665
663
662
661
659
658
658
658
656
654
654
652
650
650
650
649
648
647
646
646
644
644
643
642
642
641
637
637
636
635
632
632
632
631
630
630
628
628
627
627
625
625
624
624
623
622
620
618
618
616
616
615
614
614
613
613
613
612
612
610
610
609
608
607
603
603
603
603
601
601
601
601
600
599
597
597
595
595
594
592
592
592
592
591
590
590
590
588
581
580
577
577
576
576
575
574
574
574
574
573
573
572
572
572
571
570
567
567
566
566
561
561
557
555
553
552
552
552
552
550
548
548
547
542
540
539
537
536
535
535
534
533
533
532
532
531
530
529
528
526
526
525
524
523
522
520
517
516
516
515
515
514
513
513
510
508
506
506
503
501
500
500
500
495
495
494
493
492
490
490
489
489
487
484
478
478
477
475
473
473
472
471
471
470
467
467
466
465
464
463
463
463
462
460
460
458
457
456
455
454
454
453
453
452
451
450
449
449
448
448
448
448
447
447
446
446
445
443
442
442
442
442
440
440
439
438
436
434
433
431
431
431
428
427
425
423
423
423
422
420
420
419
416
416
415
412
411
411
411
409
408
408
405
405
403
402
402
401
400
397
396
395
395
394
394
394
393
393
392
392
391
391
390
390
389
388
388
387
387
385
385
384
384
382
382
381
380
380
377
376
376
376
372
372
372
371
371
371
371
370
367
367
366
366
364
360
360
359
359
359
358
358
356
355
355
355
354
353
352
351
347
345
345
345
345
344
344
344
343
343
342
339
336
336
336
336
335
333
330
330
330
328
327
327
327
326
326
325
324
323
322
321
318
317
315
312
312
311
310
308
304
304
304
304
298
297
296
294
293
293
293
292
291
289
288
284
283
283
283
283
282
282
281
280
280
279
278
277
276
275
274
274
273
271
269
267
265
265
264
263
262
262
262
259
258
257
257
255
254
253
253
252
251
250
249
249
247
246
245
244
243
242
239
237
234
222
222
221
216
216
215
215
215
215
213
212
209
208
208
207
206
205
202
201
201
201
200
195
195
195
195
194
193
193
191
191
191
190
189
188
187
186
185
184
183
183
183
183
180
179
179
179
178
177
177
175
173
172
172
171
170
170
169
169
169
166
165
165
163
161
160
160
159
158
156
155
155
153
151
151
150
150
148
146
142
142
141
141
140
139
139
138
134
133
132
132
131
127
125
125
125
125
123
119
118
118
115
115
115
114
113
111
110
109
106
105
104
104
104
104
102
102
101
101
98
97
97
97
96
95
95
94
93
92
92
89
89
89
88
88
85
84
84
83
83
80
80
80
80
79
78
75
75
75
74
74
74
74
74
74
73
71
69
67
65
64
64
63
62
58
57
56
56
55
54
53
52
52
52
50
48
48
48
47
47
47
42
42
42
41
40
39
37
37
37
36
35
34
32
31
30
30
29
27
26
26
26
25
23
19
18
17
17
16
14
14
13
12
12
11
11
10
8
7
7
6
6
5
4
4
0
