995
995
994
992
991
991
989
988
988
988
987
987
986
984
984
983
983
982
981
980
980
978
976
974
974
973
972
971
970
969
968
968
967
967
966
966
963
961
961
960
958
958
956
956
956
955
954
954
954
953
953
952
952
951
951
946
944
944
942
941
941
941
940
939
939
939
938
938
937
937
936
933
931
931
931
930
929
929
928
927
927
924
923
923
923
923
922
921
919
918
916
916
914
914
913
912
912
908
907
906
906
906
904
903
902
901
900
900
898
895
894
893
891
890
890
886
886
885
884
883
883
882
879
879
878
877
875
872
870
870
868
868
867
865
864
862
861
860
860
859
858
857
857
853
852
851
851
850
849
848
848
848
845
843
839
839
837
836
835
835
835
834
833
833
831
830
829
829
829
829
828
827
822
822
821
821
820
820
819
818
818
815
815
813
813
812
810
809
808
805
805
803
802
801
801
801
800
797
797
795
792
790
790
789
788
785
783
783
782
781
780
779
776
776
772
771
771
769
769
765
764
764
758
757
757
755
753
753
753
752
752
751
751
750
750
750
749
748
748
747
746
745
743
742
741
739
739
738
738
738
737
737
736
736
735
735
735
733
730
729
728
727
726
724
723
722
720
720
718
717
717
717
716
716
713
713
713
712
712
712
711
709
709
708
706
706
704
704
704
702
702
702
701
700
699
699
698
695
694
694
692
692
692
691
689
689
688
687
687
686
686
685
684
684
683
681
681
680
677
677
677
676
675
674
673
673
673
673
672
670
670
669
668
667
665
665
665
664
662
661
661
660
660
659
657
657
657
657
655
653
653
653
651
650
649
647
645
645
645
643
643
642
638
637
636
636
635
634
631
631
631
630
630
628
627
626
626
625
625
625
624
623
622
622
622
622
621
621
620
619
618
618
617
617
617
614
614
614
613
613
611
609
608
606
605
602
602
601
600
598
598
596
594
593
592
592
591
589
588
585
584
584
583
581
580
578
577
577
576
575
574
573
572
571
570
569
569
568
568
568
567
564
564
563
563
559
559
559
559
558
557
557
557
557
556
554
554
553
553
552
552
552
551
551
551
551
549
548
548
546
544
543
540
539
539
536
535
532
531
531
531
530
529
529
527
527
526
526
523
523
522
522
521
519
517
514
514
514
513
512
511
510
510
509
509
508
508
507
506
500
499
499
499
498
498
496
496
495
493
493
493
491
489
487
486
486
484
484
483
483
481
481
480
480
479
479
476
474
473
472
472
471
468
466
465
464
463
463
462
462
460
460
458
457
456
456
453
453
452
450
448
446
446
444
444
442
440
440
439
438
437
436
436
436
435
435
435
432
430
430
426
424
424
423
423
422
422
422
421
420
416
415
415
415
415
414
413
413
412
412
409
408
407
404
403
399
398
398
397
395
392
392
388
388
388
388
386
385
385
384
383
379
379
379
379
378
377
373
373
372
371
370
368
367
366
362
361
361
360
359
359
358
358
356
356
356
356
353
353
352
351
350
350
349
349
348
348
347
347
346
344
343
342
342
341
335
335
335
333
333
332
330
330
330
330
329
325
324
322
322
320
316
314
312
312
311
309
309
309
308
307
307
307
306
306
305
304
303
302
302
302
301
300
299
298
296
295
295
295
294
292
292
292
290
290
288
288
288
287
286
286
286
285
284
284
283
282
282
280
280
277
276
276
275
275
273
272
272
271
271
270
269
268
267
267
267
264
258
257
252
250
248
248
247
247
245
245
244
243
243
243
241
240
238
238
237
236
235
234
234
234
233
233
231
231
231
231
230
229
229
228
228
225
225
223
223
222
221
220
219
217
216
216
215
215
215
215
215
215
214
214
212
210
210
209
209
208
207
206
206
206
203
203
201
199
198
197
196
195
195
194
193
193
192
192
192
190
189
188
187
186
186
186
182
181
179
176
175
175
175
174
170
170
170
169
168
168
167
167
166
165
162
161
161
160
159
156
155
155
154
154
154
154
153
152
151
149
149
149
148
145
145
145
143
143
143
143
139
138
138
137
137
137
135
133
133
132
131
131
129
129
129
128
125
124
122
121
120
120
117
117
117
114
114
114
114
112
112
111
110
110
110
109
109
108
107
107
106
104
104
104
103
100
100
92
90
89
88
87
85
84
83
81
79
76
76
73
73
72
71
67
67
66
65
64
63
63
61
59
59
58
58
58
57
54
53
51
50
48
48
48
47
46
46
45
44
41
39
38
36
35
34
33
32
32
31
31
29
29
29
27
26
24
23
20
19
19
18
18
17
16
14
12
10
7
5
4
4
2
0
