0
2
4
4
5
7
10
12
14
16
17
18
18
19
19
20
23
24
26
27
29
29
29
31
31
32
32
33
34
35
36
38
39
41
44
45
46
46
47
48
48
48
50
51
53
54
57
58
58
58
59
59
61
63
63
64
65
66
67
67
71
72
73
73
76
76
79
81
83
84
85
87
88
89
90
92
100
100
103
104
104
104
106
107
107
108
109
109
110
110
110
111
112
112
114
114
114
114
117
117
117
120
120
121
122
124
125
128
129
129
129
131
131
132
133
133
135
137
137
137
138
138
139
143
143
143
143
145
145
145
148
149
149
149
151
152
153
154
154
154
154
155
155
156
159
160
161
161
162
165
166
167
167
168
168
169
170
170
170
174
175
175
175
176
179
181
182
186
186
186
187
188
189
190
192
192
192
193
193
194
195
195
196
197
198
199
201
203
203
206
206
206
207
208
209
209
210
210
212
214
214
215
215
215
215
215
215
216
216
217
219
220
221
222
223
223
225
225
228
228
229
229
230
231
231
231
231
233
233
234
234
234
235
236
237
238
238
240
241
243
243
243
244
245
245
247
247
248
248
250
252
257
258
264
267
267
267
268
269
270
271
271
272
272
273
275
275
276
276
277
280
280
282
282
283
284
284
285
286
286
286
287
288
288
288
290
290
292
292
292
294
295
295
295
296
298
299
300
301
302
302
302
303
304
305
306
306
307
307
307
308
309
309
309
311
312
312
314
316
320
322
322
324
325
329
330
330
330
330
332
333
333
335
335
335
341
342
342
343
344
346
347
347
348
348
349
349
350
350
351
352
353
353
356
356
356
356
358
358
359
359
360
361
361
362
366
367
368
370
371
372
373
373
377
378
379
379
379
379
383
384
385
385
386
388
388
388
388
392
392
395
397
398
398
399
403
404
407
408
409
412
412
413
413
414
415
415
415
415
416
420
421
422
422
422
423
423
424
424
426
430
430
432
435
435
435
436
436
436
437
438
439
440
440
442
444
444
446
446
448
450
452
453
453
456
456
457
458
460
460
462
462
463
463
464
465
466
468
471
472
472
473
474
476
479
479
480
480
481
481
483
483
484
484
486
486
487
489
491
493
493
493
495
496
496
498
498
499
499
499
500
506
507
508
508
509
509
510
510
511
512
513
514
514
514
517
519
521
522
522
523
523
526
526
527
527
529
529
530
531
531
531
532
535
536
539
539
540
543
544
546
548
548
549
551
551
551
551
552
552
552
553
553
554
554
556
557
557
557
557
558
559
559
559
559
563
563
564
564
567
568
568
568
569
569
570
571
572
573
574
575
576
577
577
578
580
581
583
584
584
585
588
589
591
592
592
593
594
596
598
598
600
601
602
602
605
606
608
609
611
613
613
614
614
614
617
617
617
618
618
619
620
621
621
622
622
622
622
623
624
625
625
625
626
626
627
628
630
630
631
631
631
634
635
636
636
637
638
642
643
643
645
645
645
647
649
650
651
653
653
653
655
657
657
657
657
659
660
660
661
661
662
664
665
665
665
667
668
669
670
670
672
673
673
673
673
674
675
676
677
677
677
680
681
681
683
684
684
685
686
686
687
687
688
689
689
691
692
692
692
694
694
695
698
699
699
700
701
702
702
702
704
704
704
706
706
708
709
709
711
712
712
712
713
713
713
716
716
717
717
717
718
720
720
722
723
724
726
727
728
729
730
733
735
735
735
736
736
737
737
738
738
738
739
739
741
742
743
745
746
747
748
748
749
750
750
750
751
751
752
752
753
753
753
755
757
757
758
764
764
765
769
769
771
771
772
776
776
779
780
781
782
783
783
785
788
789
790
790
792
795
797
797
800
801
801
801
802
803
805
805
808
809
810
812
813
813
815
815
818
818
819
820
820
821
821
822
822
827
828
829
829
829
829
830
831
833
833
834
835
835
835
836
837
839
839
843
845
848
848
848
849
850
851
851
852
853
857
857
858
859
860
860
861
862
864
865
867
868
868
870
870
872
875
877
878
879
879
882
883
883
884
885
886
886
890
890
891
893
894
895
898
900
900
901
902
903
904
906
906
906
907
908
912
912
913
914
914
916
916
918
919
921
922
923
923
923
923
924
927
927
928
929
929
930
931
931
931
933
936
937
937
938
938
939
939
939
940
941
941
941
942
944
944
946
951
951
952
952
953
953
954
954
954
955
956
956
956
958
958
960
961
961
963
966
966
967
967
968
968
969
970
971
972
973
974
974
976
978
980
980
981
982
983
983
984
984
986
987
987
988
988
988
989
991
991
992
994
995
995
