61
361
902
574
250
924
625
602
737
110
564
284
462
282
143
750
509
228
580
154
264
442
864
351
699
907
954
362
960
788
300
971
792
878
48
385
424
723
299
186
197
598
577
906
706
399
769
835
750
167
961
282
67
764
739
724
306
636
175
229
356
168
967
348
133
968
498
430
685
430
664
827
570
955
686
285
559
531
914
221
952
585
33
883
280
483
117
353
810
988
552
660
493
747
309
594
435
914
471
717
667
87
522
553
215
912
983
954
546
72
403
900
359
716
568
631
234
853
416
958
143
412
440
712
110
966
349
367
839
187
673
39
332
829
660
511
290
302
618
110
0
292
413
309
322
530
248
568
751
958
444
26
523
270
618
437
749
304
771
938
931
801
506
496
306
32
151
181
473
272
988
583
886
645
379
980
192
122
720
51
735
805
292
554
472
588
933
857
388
206
435
523
900
483
234
479
448
692
650
361
625
370
801
460
54
245
713
284
117
931
480
233
624
347
980
203
243
828
330
301
643
65
635
41
877
785
688
5
598
104
883
446
36
829
890
333
174
286
356
821
404
153
491
972
625
245
342
440
131
956
356
704
708
196
702
737
104
820
669
137
936
830
397
890
850
581
114
802
694
514
944
557
343
415
64
602
423
426
752
165
53
600
848
879
302
992
305
726
636
383
549
307
938
680
569
575
277
608
247
529
225
395
58
736
822
983
108
17
901
783
217
713
107
346
568
868
63
436
4
166
58
829
84
906
984
46
20
865
154
573
484
976
128
35
677
815
189
622
939
978
637
233
510
294
712
687
961
342
199
894
559
432
673
801
653
462
215
713
779
32
509
645
689
532
527
790
273
466
90
316
290
276
109
453
235
499
552
474
781
665
895
48
240
371
729
709
554
145
942
464
58
557
611
288
953
622
966
479
621
956
379
789
857
939
673
790
330
24
145
112
813
916
867
155
875
929
584
919
125
906
484
344
481
698
772
675
272
923
681
621
668
709
758
617
539
526
322
922
27
109
701
287
638
133
498
495
195
366
481
14
605
657
834
776
486
308
162
103
392
642
138
691
742
563
512
704
797
868
120
298
348
531
712
684
138
559
421
114
661
584
330
206
559
991
422
341
120
946
613
677
446
335
2
160
819
216
4
398
215
257
71
353
420
531
81
860
908
539
544
645
129
694
833
805
169
722
837
879
953
885
941
303
203
18
59
201
903
89
409
514
717
831
653
986
276
229
988
392
223
529
460
700
438
750
620
702
862
651
347
736
995
923
940
100
591
845
592
821
486
833
995
746
677
223
849
222
258
548
352
295
928
231
510
984
776
106
193
969
499
19
578
987
622
377
23
622
659
275
886
717
159
107
379
835
307
88
809
388
614
209
220
614
76
7
241
951
436
456
295
657
244
514
553
161
215
937
813
752
665
757
839
209
674
818
973
457
456
882
619
388
974
100
468
649
476
415
143
16
193
812
435
186
349
670
513
195
526
358
309
929
626
208
154
499
350
923
803
780
384
689
571
507
194
335
870
31
104
73
472
735
741
589
631
870
312
283
175
44
267
852
248
295
149
373
941
288
79
121
324
215
424
422
149
829
808
219
407
286
18
493
815
557
215
735
452
884
556
551
423
271
48
987
720
372
655
822
167
670
210
156
458
941
851
994
311
145
450
38
234
117
991
835
657
617
576
463
764
500
904
558
186
385
350
154
643
661
848
192
797
970
292
927
662
132
139
243
155
673
170
728
937
230
596
508
34
228
745
188
916
681
135
114
898
757
535
63
572
699
268
551
496
29
613
843
335
647
214
974
29
665
212
330
85
912
302
631
738
614
858
522
231
231
379
137
129
414
981
577
356
968
820
739
684
415
489
552
536
687
59
569
124
563
210
748
800
751
818
439
269
609
487
176
114
436
748
606
378
360
148
47
617
149
765
771
333
795
206
755
398
286
851
493
225
243
769
753
444
692
738
626
692
307
190
543
593
564
296
12
207
415
738
567
967
131
952
592
129
923
628
891
939
413
718
50
913
557
408
848
267
453
657
170
733
702
143
66
161
359
989
388
231
519
521
238
280
465
386
170
551
711
676
548
783
168
872
951
706
918
73
517
422
358
927
192
320
76
214
630
963
247
686
112
782
893
982
753
325
57
175
860
716
19
861
83
508
836
930
954
653
182
527
314
412
67
672
944
45
31
956
312
46
267
921
743
753
540
252
179
627
29
630
634
695
730
704
152
463
275
236
216
92
551
329
271
237
238
288
198
480
727
601
137
931
111
859
10
683
368
623
373
